26
76
89 12
19 48 42
86 75 84 25
69 66 10 53 21
26 42 39 52 22 78
87 78 57 96 5 88 61
32 9 92 71 30 84 52 98
33 23 26 37 88 56 2 83 80
77 33 85 23 50 88 70 13 87 86
70 10 78 53 96 3 66 20 37 20 77
76 26 21 71 85 46 77 45 74 38 75 80
75 46 23 52 12 9 58 82 27 38 61 88 30
70 47 57 95 88 70 54 77 34 35 60 73 70 13
11 26 3 65 47 75 19 46 42 27 48 1 72 81 45
10 91 9 9 70 4 5 34 14 15 94 33 44 43 55 9
58 62 32 18 82 50 15 2 83 15 96 85 90 0 47 78 84
53 69 95 34 28 44 96 77 77 38 86 53 29 78 87 84 59 37
83 1 11 46 75 46 65 21 66 25 35 9 72 1 29 74 63 80 55
14 45 43 28 57 33 15 95 40 21 58 38 9 13 62 97 2 72 13 74
40 80 52 94 89 48 98 26 86 82 32 9 64 6 23 52 51 36 35 98 18
13 29 27 59 5 81 62 96 60 23 29 82 77 71 73 59 31 42 71 48 44 60
53 48 57 31 11 83 59 16 98 87 2 62 31 92 19 99 98 14 90 32 43 47 20
24 7 88 24 89 4 34 72 9 74 13 27 3 18 19 21 21 67 66 18 16 77 64 38
23 86 25 9 61 86 36 60 77 25 26 36 48 69 98 36 49 38 0 0 72 90 59 10 97
6 90 73 50 42 11 52 99 7 40 70 45 88 77 85 17 35 13 4 65 52 33 87 87 78 33
