50
91
26 88
93 85 74
64 77 87 84
71 36 88 1 65
58 94 60 85 84 22
90 65 87 86 19 4 17
50 21 37 11 67 70 5 66
26 66 48 36 5 74 31 13 15
90 63 93 85 22 71 25 24 6 21
60 87 47 6 94 3 99 82 92 50 44
35 83 61 13 64 61 40 70 53 62 3 0
96 46 53 88 8 90 32 60 93 71 81 55 93
83 72 37 32 52 85 83 64 13 84 60 50 15 86
80 95 49 63 82 70 21 24 86 66 71 40 43 52 27
32 57 84 5 81 51 50 31 95 73 41 71 49 63 14 13
22 75 94 66 68 42 5 11 21 24 80 71 90 50 91 28 53
85 26 89 10 30 6 2 23 53 82 26 86 46 49 9 94 66 46
54 17 66 0 57 70 28 37 22 33 40 19 7 7 89 31 35 75 36
35 13 15 25 81 81 39 65 53 95 2 91 68 64 66 6 30 42 1 72
47 12 85 3 15 72 59 23 30 97 1 49 69 79 69 60 52 84 52 15 22
70 33 87 65 21 55 17 37 46 35 1 14 22 56 16 66 9 50 94 89 39 32
91 91 36 15 49 41 36 3 10 39 81 26 61 76 29 28 78 84 65 24 81 67 96
17 17 9 19 67 89 63 22 21 86 60 80 75 0 92 69 10 23 92 90 25 38 53 52
27 88 58 41 33 42 99 84 50 81 87 55 59 98 8 92 63 94 34 89 6 22 6 93 53
41 90 80 72 57 14 13 95 3 24 58 34 73 47 48 17 22 16 77 21 38 22 56 99 34 68
93 2 11 52 45 95 39 10 47 86 73 66 64 1 88 96 2 76 69 72 31 46 84 79 99 84 2
52 38 48 78 18 44 73 88 94 98 23 52 23 59 17 95 5 68 26 6 95 64 43 50 68 41 25 20
67 73 7 80 30 79 61 93 64 0 24 44 62 50 97 96 71 69 41 87 19 57 11 24 50 60 99 63 53
79 81 5 51 45 51 93 42 67 79 6 83 15 54 50 70 60 94 26 5 44 43 71 2 54 95 54 67 73 84
61 47 5 97 2 72 24 77 58 44 37 56 27 81 6 30 27 87 61 93 86 84 54 96 93 56 31 56 10 16 63
37 93 42 7 87 30 93 22 24 54 38 18 15 4 20 16 22 90 93 39 84 47 51 45 52 18 31 61 92 63 1 28
50 7 94 57 68 2 14 86 82 71 99 64 27 61 89 88 36 70 17 30 31 99 25 75 28 32 27 48 20 30 44 22 91
38 28 12 30 64 22 83 53 3 41 68 64 3 76 15 26 93 45 45 72 13 29 44 53 88 66 64 95 63 84 55 29 20 62
34 31 79 13 9 10 50 41 45 56 98 60 99 62 38 75 43 96 73 18 63 89 37 1 56 98 75 97 45 19 15 97 10 27 28
68 88 14 94 69 76 14 71 33 26 11 75 98 39 23 33 67 12 42 31 57 51 16 34 94 82 0 85 80 72 26 30 28 35 72 10
89 38 3 47 34 50 16 38 43 72 1 54 48 12 70 52 53 22 56 45 18 19 10 15 8 93 94 54 84 9 50 22 52 62 35 36 82
71 55 36 76 28 93 37 9 81 99 69 94 52 39 27 48 20 57 47 40 28 66 51 26 16 90 34 90 60 39 71 2 63 81 50 41 84 60
75 23 35 8 99 52 58 65 43 29 50 9 59 97 61 29 97 89 96 41 60 19 4 10 50 0 55 89 80 98 57 29 79 69 14 20 34 10 43
0 14 1 32 27 68 93 84 72 59 81 99 99 42 83 58 39 1 34 39 74 43 56 37 93 98 1 51 82 18 22 66 84 25 93 73 34 37 40 10
27 89 53 20 18 77 64 1 79 32 29 67 33 14 58 52 83 69 51 7 56 56 11 68 77 49 44 32 82 4 92 23 94 88 13 73 2 12 83 89 29
92 45 31 18 80 48 38 38 96 22 46 61 23 51 8 42 0 98 32 31 22 37 66 2 90 57 94 12 32 12 67 73 18 65 76 27 3 27 49 67 57 80
23 28 90 68 13 99 12 96 60 90 36 13 75 7 88 82 67 71 97 38 4 94 89 99 71 9 80 18 89 84 48 50 99 22 60 83 60 77 75 49 10 95 90
15 66 8 44 43 12 90 23 20 42 13 25 59 54 77 22 29 72 5 46 36 70 93 62 38 70 48 56 21 23 44 66 89 74 2 36 21 48 81 7 13 89 41 98
99 11 48 16 10 4 89 96 65 60 88 75 44 74 46 6 32 3 28 80 90 91 96 98 19 28 76 54 53 55 3 54 17 66 64 55 44 44 61 80 41 18 56 62 78
62 2 52 59 63 16 15 78 50 48 79 96 45 86 96 34 34 85 48 81 57 72 85 85 70 64 34 48 82 75 22 4 42 62 40 23 15 25 99 38 9 32 68 32 25 42
75 67 23 88 97 36 23 5 1 92 40 20 38 38 9 8 1 14 18 85 70 51 13 15 21 57 7 35 71 64 92 75 55 88 6 75 63 92 89 77 9 98 25 48 68 82 86
85 69 71 79 91 2 10 18 58 29 16 71 39 53 75 6 77 3 63 82 42 63 80 45 89 98 66 16 86 29 27 91 67 33 43 50 29 91 14 90 8 79 79 90 73 80 99 3
23 29 97 6 77 88 69 17 60 24 86 75 31 49 70 64 5 34 57 81 0 9 87 52 2 93 73 65 51 7 89 77 99 65 80 20 97 6 2 60 13 98 22 50 67 78 96 79 42
70 20 36 88 20 71 54 88 66 15 1 10 34 43 76 41 40 89 37 82 28 87 39 73 90 69 83 31 23 82 65 69 16 15 90 2 80 53 6 60 22 25 39 5 22 96 97 50 10 50
