100
8
75 60
92 61 75
30 93 8 33
6 68 96 67 44
50 84 55 29 72 24
58 78 73 29 25 81 7
94 40 44 46 26 82 5 76
98 3 50 12 95 57 35 92 33
92 17 74 89 90 1 88 93 30 70
25 56 42 96 38 41 86 50 14 58 69
97 66 28 93 21 69 83 4 6 97 71 69
51 91 97 38 18 29 94 87 11 76 77 62 68
87 89 95 40 16 69 72 79 66 64 8 11 14 84
83 64 24 2 1 84 47 93 34 53 43 22 8 37 89
24 35 85 87 25 99 34 5 68 60 89 84 20 9 77 61
86 81 15 56 45 41 36 83 7 76 39 9 9 3 44 83 5
41 54 3 3 91 29 91 80 99 83 39 42 58 18 52 41 78 74
94 55 96 93 98 42 97 42 48 20 75 98 9 38 60 34 56 30 14
70 95 75 19 16 17 97 91 83 58 14 43 18 6 41 97 76 74 23 72
85 85 91 22 3 71 8 8 43 12 55 0 56 76 7 39 5 43 51 51 29
58 32 10 7 53 8 68 47 9 45 98 7 53 82 98 75 78 53 64 8 25 82
66 46 28 22 77 13 15 93 23 57 39 41 8 17 71 76 30 18 63 70 64 36 23
39 79 89 94 22 61 16 61 75 54 94 36 32 49 71 1 98 36 53 63 2 9 94 4
21 15 82 36 91 41 64 36 65 6 87 85 17 59 32 35 65 38 20 59 62 13 75 72 64
75 20 42 59 17 92 15 85 97 43 43 15 7 59 98 98 82 93 92 24 53 53 22 99 87 59
22 84 89 13 86 84 43 54 83 80 7 79 6 34 38 8 23 29 65 57 35 24 68 14 24 43 22
49 24 85 50 75 68 57 73 59 23 95 80 21 22 83 83 45 88 43 53 19 7 44 32 91 56 93 61
7 47 27 0 75 44 91 83 28 93 6 8 64 14 89 67 52 39 7 47 56 64 23 91 67 72 76 44 58
1 43 31 14 0 66 72 67 24 17 75 86 74 34 85 43 5 11 44 11 12 91 11 10 17 37 89 0 51 0
21 72 29 95 58 79 36 2 47 11 78 79 33 83 18 32 21 32 99 1 88 97 10 73 37 56 28 48 90 97 42
80 50 8 10 45 33 13 77 61 36 60 3 79 57 95 28 42 39 5 29 3 41 11 9 34 89 49 93 26 0 60 50
20 43 45 66 95 25 2 67 55 97 32 25 70 77 13 4 90 7 78 95 53 2 54 76 91 30 20 51 9 91 50 50 61
92 20 70 30 76 71 17 32 63 51 99 88 82 68 52 90 15 86 71 19 57 27 28 4 85 90 84 42 64 77 30 85 25 70
32 30 94 42 95 69 88 44 60 89 84 2 69 9 88 11 21 19 36 35 6 14 92 17 69 72 75 47 68 55 13 34 56 23 40
77 12 27 82 10 19 10 60 65 20 62 24 51 75 94 80 69 31 66 61 12 24 16 99 42 30 76 4 8 95 17 7 74 38 98 36
38 48 76 22 22 4 58 45 22 33 71 61 91 40 80 43 34 68 99 49 72 48 9 65 78 31 5 92 76 71 4 43 22 67 17 38 17
15 32 88 20 19 36 71 16 0 41 99 72 1 23 16 75 16 19 78 98 14 28 51 78 9 23 89 53 67 92 6 83 91 10 43 1 36 27
6 49 52 30 73 0 95 85 85 21 9 50 38 95 59 38 91 74 30 52 92 64 68 24 30 19 29 55 27 63 29 17 30 56 65 76 30 31 59
93 90 69 7 24 1 76 19 58 72 99 20 81 24 83 25 29 84 8 58 6 3 80 17 98 0 20 83 68 85 13 0 59 58 77 91 45 81 90 36
11 46 81 85 48 39 75 86 92 12 60 69 92 69 28 71 42 31 86 14 86 72 87 14 40 28 6 26 96 99 86 79 51 35 48 62 53 28 89 32 47
55 47 85 52 0 15 81 39 66 23 82 75 23 16 78 78 16 71 34 26 83 17 38 36 48 83 48 68 62 64 7 38 81 13 54 1 73 12 31 75 93 91
9 95 98 65 31 65 78 67 33 21 10 69 8 85 57 22 62 85 95 30 88 6 27 89 65 64 42 51 68 76 97 94 27 12 43 68 18 53 74 30 57 67 34
32 33 49 43 27 43 28 86 50 74 69 5 40 54 80 19 82 4 1 15 67 36 12 3 83 46 39 40 35 2 5 32 65 30 28 94 41 33 79 48 91 47 33 34
18 85 90 17 93 61 6 98 69 36 48 40 90 95 52 15 82 33 42 79 66 20 71 26 79 67 52 64 7 1 0 22 69 27 48 74 31 92 66 45 4 83 93 29 29
70 74 24 83 95 6 81 91 13 50 67 56 67 71 1 53 29 11 40 2 10 36 61 41 57 8 39 56 92 56 61 31 8 65 17 65 46 9 70 98 49 53 19 95 27 72
13 55 34 98 88 9 53 20 78 39 54 57 86 27 75 89 26 98 77 36 49 16 56 23 43 86 57 41 96 87 31 69 41 38 74 62 47 97 35 54 48 26 8 71 83 41 88
17 50 30 95 81 89 38 29 8 72 48 17 11 46 82 55 14 52 29 10 42 48 43 21 49 15 25 41 17 23 97 15 28 47 61 5 67 8 80 92 15 25 0 28 20 52 33 16
50 12 50 79 46 87 71 20 96 51 58 25 39 55 75 71 94 67 16 33 31 15 31 38 7 74 2 52 1 18 1 40 28 14 4 37 77 36 95 34 84 81 46 30 99 33 42 37 4
9 91 46 29 35 38 52 16 2 50 43 8 34 49 23 25 9 3 78 7 67 13 49 7 75 23 1 32 85 36 13 11 23 11 95 91 20 71 9 94 8 29 11 37 75 84 40 37 70 84
72 9 61 5 69 74 59 61 69 80 61 42 86 18 76 1 44 81 10 57 94 3 77 56 8 84 26 30 73 0 36 21 11 88 4 51 1 37 67 45 49 64 3 40 42 82 99 19 73 80 58
83 32 89 24 20 94 39 44 11 10 15 28 5 50 39 84 60 27 59 8 35 97 75 16 5 49 11 35 34 19 36 64 10 50 45 47 69 68 28 20 72 73 94 76 21 95 24 76 49 81 62 77
72 30 6 91 21 2 57 0 13 36 79 16 39 56 4 59 91 72 9 56 3 99 57 42 67 86 13 46 17 47 80 98 13 95 98 29 15 74 89 4 23 6 73 47 80 65 24 67 42 9 89 10 60
45 86 2 37 46 90 1 2 90 44 84 43 11 71 31 41 44 44 59 12 83 75 86 18 78 99 39 22 56 48 80 54 9 16 0 7 95 3 19 92 59 53 61 58 61 4 39 60 72 69 97 34 2 96
5 68 57 81 88 57 81 37 46 14 26 89 33 74 67 82 78 66 14 34 20 56 76 31 7 82 10 13 42 14 91 69 39 34 47 98 84 69 12 30 79 12 52 16 76 8 84 90 72 16 76 3 33 37 19
23 11 83 1 9 60 23 46 8 32 98 19 13 45 7 85 40 95 66 87 36 12 39 16 57 31 96 66 85 8 1 95 99 60 38 2 14 68 89 67 48 61 47 42 64 94 84 83 51 68 31 61 89 96 36 25
1 41 15 19 44 87 79 71 59 60 40 52 72 47 29 35 41 76 6 15 46 31 51 79 8 86 50 86 98 18 96 59 28 93 30 70 70 62 87 6 87 68 1 55 19 3 49 84 94 58 71 74 98 92 66 79 9
11 26 21 94 43 75 31 0 22 58 68 1 24 8 39 20 97 45 39 28 32 3 40 58 52 12 55 89 33 58 36 57 31 50 47 79 96 66 97 25 16 6 19 81 83 53 17 45 3 67 81 30 40 13 47 24 8 3
35 86 72 5 27 52 70 43 59 69 3 93 65 26 25 12 5 32 85 25 43 61 37 56 18 92 68 29 98 86 94 90 53 88 4 35 79 92 45 31 53 1 90 64 66 50 91 48 48 31 34 60 29 62 90 28 22 60 75
13 56 45 12 66 19 30 97 76 37 27 73 30 86 59 45 18 28 43 12 66 20 63 49 0 96 1 78 92 61 27 35 68 90 19 36 5 39 75 31 19 41 0 72 6 44 28 9 66 48 53 89 43 34 92 41 71 61 65 0
73 53 27 33 71 8 10 55 82 51 41 78 79 32 2 76 16 57 18 38 6 52 33 95 92 5 31 70 8 43 25 45 54 90 6 27 54 54 79 98 32 33 58 47 99 69 25 46 78 0 88 91 88 12 48 49 91 72 10 88 31
66 54 21 87 27 83 52 85 40 89 50 25 54 6 60 71 98 24 64 38 45 29 39 34 91 1 61 21 2 62 55 88 43 79 66 62 33 72 25 56 70 9 98 42 13 6 70 43 14 64 97 42 26 46 5 26 47 98 9 59 17 87
10 76 53 79 49 34 94 18 64 43 1 26 23 55 28 36 30 16 57 65 48 5 4 75 32 93 66 52 84 40 11 81 67 64 16 58 1 92 73 76 31 30 66 0 78 32 17 18 1 21 38 95 31 42 0 31 38 90 33 64 82 82 38
60 55 45 37 16 0 79 52 77 25 37 52 74 19 5 41 81 37 41 69 91 61 12 82 22 96 54 24 23 65 19 80 8 25 35 49 80 43 97 14 37 57 23 18 84 70 67 92 21 92 18 72 28 16 66 65 92 83 8 16 46 16 42 82
69 69 26 86 89 41 42 99 90 64 70 81 92 23 94 44 27 62 41 31 17 51 54 10 44 50 2 76 56 59 88 98 90 33 82 79 36 49 97 2 23 44 98 30 57 5 32 43 49 2 57 45 18 18 35 69 17 53 95 38 67 91 37 25 65
8 37 72 35 6 3 93 95 74 57 42 56 26 88 62 4 97 7 39 44 2 37 91 64 66 8 27 97 60 37 57 15 84 19 45 44 2 96 69 73 99 84 32 92 76 45 48 19 20 98 93 42 97 12 66 36 68 75 74 17 55 28 61 24 75 25
54 48 25 94 86 0 10 10 0 43 56 27 87 22 88 78 88 0 61 38 35 36 17 65 2 36 2 12 38 39 1 84 36 22 23 6 66 59 68 2 6 61 15 31 99 12 35 29 53 53 92 67 83 22 25 24 28 17 72 27 17 86 80 70 53 52 86
12 0 33 87 15 70 91 32 75 77 98 88 55 82 72 4 27 70 78 27 4 92 1 55 52 68 69 42 10 80 16 2 53 15 44 64 95 46 10 85 91 68 3 26 82 20 88 91 61 6 91 9 20 47 58 86 83 97 26 55 91 85 15 20 10 62 51 97
86 63 18 50 23 75 35 43 0 78 4 46 89 85 87 33 0 83 40 45 1 62 68 92 57 35 43 96 66 1 48 8 87 3 70 17 80 92 46 2 22 66 70 44 91 0 7 82 41 6 30 88 5 42 67 72 58 19 88 95 7 0 39 81 72 77 98 48 30
43 73 36 49 93 57 80 47 87 86 34 63 25 28 93 67 89 72 11 93 11 3 89 64 73 26 14 50 6 14 85 91 30 9 46 75 91 60 1 40 40 90 73 95 68 27 71 85 64 99 19 62 21 39 71 23 95 49 99 39 13 26 12 96 82 98 67 6 79 88
80 27 40 18 66 56 63 58 80 2 0 15 54 49 66 78 30 74 16 78 57 90 55 39 75 88 11 76 81 37 82 34 0 27 99 4 76 68 34 12 58 60 15 17 35 25 38 12 7 70 55 53 87 81 38 59 5 68 50 44 65 77 11 58 99 58 43 42 35 51 5
60 90 91 96 59 51 96 20 34 78 1 93 3 30 20 62 55 26 47 35 87 23 52 1 90 71 19 93 58 31 67 11 7 75 23 72 2 84 55 9 51 29 22 64 19 87 62 86 98 79 64 14 58 26 70 17 6 50 95 70 83 53 66 16 43 10 24 47 29 26 40 86
8 94 59 51 79 74 70 89 53 12 40 94 11 46 67 34 62 16 5 82 21 95 74 98 46 18 16 2 34 29 4 24 24 50 63 35 86 69 35 98 82 64 46 39 45 36 74 74 99 99 10 13 65 61 97 34 92 31 78 83 53 74 2 77 45 84 4 25 70 17 40 93 97
72 81 23 38 9 2 92 41 14 90 64 21 37 36 68 59 59 2 9 67 73 29 71 65 92 75 49 88 42 40 42 73 19 44 56 72 28 10 68 74 83 51 9 66 62 61 14 33 60 27 97 56 95 47 84 29 39 74 45 16 3 55 30 27 73 93 27 52 97 36 44 3 32 94
12 87 35 18 63 79 37 65 10 10 94 78 79 34 45 65 47 38 19 68 78 40 31 36 83 89 16 18 53 93 29 91 80 81 9 37 79 96 29 1 63 42 50 55 89 25 20 99 97 18 98 96 27 6 83 75 52 70 66 69 23 11 99 61 25 47 25 42 75 19 35 4 86 72 65
95 27 27 30 91 58 99 9 44 36 92 34 50 75 18 2 70 37 65 13 72 6 32 61 7 24 22 10 71 31 30 92 88 40 95 59 69 61 3 32 56 91 25 27 77 77 80 65 49 95 83 76 4 3 23 11 83 52 37 21 46 89 44 30 49 53 9 51 75 19 60 18 91 75 94 65
30 48 49 90 89 98 2 27 21 47 80 29 66 75 7 11 80 82 0 27 3 2 70 62 86 72 48 30 46 39 66 71 32 85 50 66 66 41 68 10 59 47 23 72 38 15 58 5 40 19 98 79 96 31 6 96 29 52 31 3 27 46 54 51 80 0 68 15 63 38 10 85 42 10 36 98 6
84 64 56 9 19 28 64 19 40 45 78 19 18 24 30 12 92 42 99 88 4 97 20 98 5 19 52 94 3 1 10 11 70 2 17 42 77 61 45 99 33 0 29 0 17 43 74 95 32 81 21 15 10 15 0 99 69 52 14 94 17 22 24 79 6 49 11 32 89 1 96 69 58 8 25 77 10 56
28 3 88 74 43 48 27 13 29 6 18 84 75 29 8 37 24 94 7 67 77 33 15 38 83 66 35 50 50 9 11 43 67 81 4 47 72 3 76 33 29 94 90 86 56 37 29 37 61 70 84 34 74 56 14 68 12 40 10 93 80 73 92 84 28 98 8 25 7 36 90 68 60 75 32 15 3 34 0
28 62 42 58 78 96 97 94 43 47 16 7 77 80 10 4 64 87 71 81 2 78 59 46 29 92 85 52 78 85 44 35 10 75 93 42 95 78 91 11 62 70 35 6 18 86 6 16 81 85 22 11 21 85 5 31 43 55 73 97 23 35 0 85 78 67 1 52 81 77 80 88 90 66 45 46 34 30 52 16
90 94 42 53 31 10 6 19 74 40 84 83 60 99 72 96 67 87 9 3 19 66 7 39 85 11 97 20 16 99 40 49 11 17 25 69 8 10 97 25 75 10 75 87 10 32 23 27 72 55 45 90 71 78 81 50 83 50 20 69 55 97 30 39 97 85 56 9 49 74 16 21 78 73 86 37 86 51 19 28 89
2 95 53 8 58 65 1 12 80 7 99 71 11 29 76 31 86 46 40 97 21 28 67 20 87 9 7 27 2 89 40 49 88 50 45 18 64 36 92 89 62 28 98 63 79 99 97 85 65 47 59 41 7 55 53 43 99 79 21 71 28 71 29 20 79 6 43 74 74 44 6 81 84 5 50 30 21 23 42 0 10 55
86 12 14 34 37 51 85 10 83 27 66 47 58 19 65 15 25 93 77 65 3 32 69 75 0 93 66 42 3 33 91 77 24 96 34 26 3 69 38 21 43 18 75 88 53 62 85 42 40 33 10 7 38 29 36 48 97 70 77 47 89 23 59 61 73 79 2 6 11 23 99 7 26 75 19 87 73 16 97 79 37 43 78
65 14 99 52 13 51 81 51 35 3 82 52 47 69 94 21 43 45 44 66 21 8 43 45 5 2 75 36 35 51 54 32 25 76 94 5 80 25 46 60 27 93 83 87 20 59 19 2 69 18 59 7 51 94 31 57 74 58 60 50 98 96 77 2 35 63 14 63 87 93 12 6 65 65 43 87 25 4 57 49 6 69 74 7
27 50 66 59 61 48 48 38 34 68 34 80 33 15 15 97 45 39 3 53 60 39 63 33 41 19 4 89 10 57 84 6 24 90 40 47 25 34 95 65 85 68 44 72 80 1 28 45 42 12 39 14 68 15 12 59 74 12 4 38 53 10 27 98 88 98 46 30 10 13 44 93 31 79 55 87 3 51 94 64 96 39 16 70 64
25 37 30 25 55 25 13 72 94 51 6 65 23 65 32 23 52 10 71 35 39 33 43 26 89 69 64 80 44 26 51 39 17 84 82 79 92 47 57 77 72 17 43 36 82 23 13 10 22 17 79 1 75 77 9 99 20 71 68 95 40 95 2 94 55 40 24 60 92 23 39 30 62 86 88 3 92 10 10 60 19 92 61 45 41 55
97 40 34 51 59 11 68 47 67 46 33 73 76 91 57 59 23 26 96 74 26 79 1 28 41 64 46 39 79 24 31 7 28 81 16 48 70 56 67 31 79 74 55 2 8 12 78 70 88 64 35 8 77 10 2 23 46 95 29 79 14 25 80 23 7 33 5 8 67 98 27 37 14 93 94 33 68 78 47 90 42 37 96 1 48 5 28
61 44 63 43 57 10 84 95 4 66 11 97 17 71 0 62 14 26 23 58 46 72 35 63 82 3 60 16 60 26 28 71 71 22 65 44 44 3 39 7 7 85 51 90 63 98 61 96 40 25 85 79 5 3 95 8 45 19 49 78 70 89 82 55 55 43 47 12 54 86 71 96 11 78 48 86 47 88 30 68 54 89 17 49 14 71 14 44
2 82 62 34 77 15 40 21 85 39 6 80 85 52 96 52 3 46 57 3 36 55 57 49 60 66 25 39 84 58 30 81 90 56 72 84 43 68 13 1 78 37 83 61 26 58 71 60 37 40 58 75 75 10 52 82 55 83 88 94 53 88 5 97 33 37 13 32 56 54 16 64 80 33 78 59 3 61 79 40 20 76 33 86 51 21 40 35 83
40 31 22 7 31 60 19 25 36 9 36 43 83 26 86 20 86 86 95 94 83 82 36 71 24 82 22 92 57 2 12 82 64 17 82 63 68 52 97 70 47 56 16 79 84 14 76 10 87 34 66 80 73 52 87 45 65 92 73 7 31 48 48 74 0 16 14 12 11 84 72 22 7 72 16 48 2 54 30 81 87 28 45 5 75 83 5 23 40 4
76 82 67 36 8 66 52 11 58 33 93 79 69 84 10 15 15 37 64 35 39 55 48 82 42 3 62 51 42 89 34 29 73 17 24 62 46 37 55 2 27 54 39 36 39 37 74 84 17 14 0 28 13 34 17 79 28 42 39 74 56 52 59 93 46 38 93 8 76 58 76 66 83 71 40 65 48 82 51 27 44 64 80 72 16 49 20 84 97 60 75
46 27 74 4 83 28 42 17 91 48 38 19 17 86 32 60 97 16 97 71 23 71 50 18 4 64 47 23 75 49 95 53 40 15 38 45 53 49 2 74 38 1 96 21 18 9 82 62 15 94 70 37 28 17 92 50 80 13 21 41 89 83 58 74 14 22 40 96 50 29 11 6 26 50 16 65 11 44 84 61 45 25 13 10 51 89 4 5 76 4 23 95
55 24 88 53 54 60 96 64 4 74 39 59 28 54 21 69 98 86 96 92 41 51 13 53 6 8 60 8 85 38 95 84 41 28 63 17 65 79 7 82 36 33 79 26 66 21 26 41 33 91 4 29 55 97 57 87 58 24 15 82 99 16 6 31 35 51 19 82 53 91 77 83 3 61 73 72 94 72 38 48 71 3 88 64 44 7 10 66 24 16 29 9 55
58 47 84 75 23 27 35 44 63 82 87 0 15 96 56 5 2 76 67 5 54 62 15 0 73 19 81 75 37 63 61 28 31 51 27 69 64 20 52 79 40 2 79 24 52 72 62 90 94 39 15 20 14 99 83 89 26 70 48 75 77 26 51 82 57 1 57 78 72 81 48 49 20 17 45 9 8 23 47 81 16 72 85 25 37 26 93 4 87 95 79 94 83 63
6 97 40 90 93 24 7 10 58 34 11 19 22 7 81 28 42 85 2 79 6 69 55 10 96 60 68 54 87 89 84 69 17 14 30 43 87 19 37 32 81 59 4 74 27 61 67 85 57 38 25 68 76 30 71 85 47 42 37 82 53 56 57 28 52 83 57 29 52 52 44 19 10 15 7 49 95 97 13 56 1 30 82 12 8 25 91 21 61 20 84 12 17 9 68
81 43 16 47 44 68 92 27 34 59 11 62 51 86 66 36 41 7 92 86 14 95 85 50 82 90 48 32 80 10 73 49 12 68 41 79 64 75 56 90 19 7 6 2 91 99 24 60 34 92 19 92 15 18 33 62 80 80 0 78 56 3 60 39 39 44 18 22 73 83 21 16 36 63 85 64 6 83 20 85 55 58 85 9 51 26 3 80 49 68 2 80 53 17 54 49
75 34 16 47 47 13 94 72 70 55 11 42 94 30 44 26 64 2 65 97 80 57 96 79 1 14 90 21 90 79 11 74 74 63 54 20 37 52 21 12 68 62 12 47 67 89 64 90 45 32 30 66 70 30 22 4 66 11 2 84 10 94 87 54 84 60 15 46 81 86 29 58 21 25 89 78 25 88 40 37 1 26 5 48 38 42 73 33 67 25 91 76 49 98 42 75 4
81 97 62 1 4 39 68 67 19 42 28 74 61 19 11 29 83 99 20 75 75 61 27 5 24 50 4 74 62 66 64 89 76 9 54 60 52 67 35 60 91 50 97 67 19 96 99 35 34 65 87 93 82 30 6 79 83 79 7 21 84 11 62 41 53 43 20 15 81 58 33 35 69 14 98 93 9 7 15 16 39 69 46 69 19 23 84 99 58 15 3 59 64 73 16 17 36 83
18 43 48 62 39 78 49 36 15 32 9 93 9 27 31 26 98 51 17 43 12 30 95 38 98 43 58 23 6 24 27 98 56 93 32 38 67 76 11 51 68 98 60 93 23 9 49 85 28 49 46 63 74 8 97 0 37 15 42 88 33 91 90 62 94 35 76 15 17 42 46 75 41 52 72 93 8 65 38 42 74 65 94 23 37 94 79 78 45 67 68 58 92 58 73 35 73 23 83
64 92 97 47 3 64 70 1 59 76 89 84 52 83 61 78 13 77 59 25 28 40 26 70 66 62 51 87 14 73 84 62 32 30 58 89 88 5 96 73 51 35 66 2 0 81 91 2 80 48 74 48 71 52 69 58 49 3 47 12 42 36 59 79 64 13 86 18 44 65 49 40 14 33 8 96 46 25 51 3 97 55 92 35 41 31 58 78 89 47 35 83 55 65 93 94 86 65 13 36
