1000000000 1000000000 1000
690759 83755 58167
1077043 1183493 50925
1130301 19595 12504
261017 1182495 21105
1165242 274834 66595
686228 1048834 66237
230985 848482 21384
346606 325776 16958
639173 779289 68930
29597 27621 15910
66595 648640 79075
261324 1010862 66487
227146 7406 77235
248700 212192 32418
477510 184673 17796
259828 520416 53918
58133 1105521 37395
716218 461480 88872
775897 295362 85915
726921 938956 50828
995804 307868 67211
558697 389780 84388
1139091 468931 88109
239222 481205 51913
12333 829918 38648
994077 304402 80669
118535 1194582 76465
970873 756712 84491
774279 890341 50636
1232249 695919 86664
197808 1026334 79569
308806 567252 43279
1154173 584967 2176
20678 715871 43303
305666 336526 21203
1027151 365062 34043
836948 1014685 18543
156376 294925 15760
664302 794700 11436
399095 307471 16543
165687 388658 65058
99878 33588 75075
1048729 214677 9180
164172 745125 18220
1158926 963305 73846
550230 354919 22690
33177 329988 23251
533758 545570 15906
832313 638728 61035
1159969 597314 98369
764600 893787 78934
1220440 1053883 223
587278 956026 14370
1023990 290819 89091
573064 543691 7857
1139276 148390 76448
1209800 106958 3896
777957 462454 26400
692324 941709 33520
814079 1086718 30582
467951 880930 80197
677421 902508 10637
377098 229732 79017
635184 1232282 39236
12105 1118210 61753
918813 752292 18665
869661 1120363 89472
755621 618465 72109
10477 729705 20771
771191 95800 11349
797568 157314 78123
1189248 194362 38954
555088 1185175 37075
12706 1224481 81070
662452 297111 90714
567979 346942 93714
1149778 360299 81540
648742 1066516 12232
264954 58984 68010
256060 737278 26827
893173 841635 8169
461409 79457 99160
596749 739174 20583
1032102 1207655 31166
717247 199811 64811
76137 255393 36679
1202382 543063 63876
278183 1110452 29944
10515 270212 89309
783735 432596 99794
260936 375406 98344
813679 11681 2462
270944 389059 81108
89549 295890 32678
562492 853392 62844
832683 1231979 72046
632459 1083153 36668
1061515 158859 88771
616934 1094164 5925
744033 740298 22604
18146 539255 80503
379348 568025 27859
663307 450349 61154
850219 518854 57563
184555 330037 63348
221604 42026 32165
43379 661369 22920
133528 210475 16342
1112739 397461 18426
245584 860628 30296
683235 957060 63962
1061997 1151867 16789
1230799 39034 59729
563699 323343 21496
646436 1145511 37720
283310 994235 21173
273737 560481 69323
1011533 363736 20562
618696 836825 63927
1000854 765422 78560
731536 582278 31263
1154977 412902 66964
675872 630662 38142
450449 988035 20337
876689 592705 41408
477005 1126384 12628
612844 7433 42064
303411 740824 52343
672553 323101 90549
978952 156117 78046
1232393 1033559 75054
959957 808421 37028
224200 94408 72064
445578 607316 34505
48325 1012220 34358
921685 1040373 75367
778285 134338 60325
1125423 925370 52380
209921 695425 11315
19688 863262 13039
1083265 137470 49466
65901 530032 77020
616915 706744 5989
737761 571900 61215
286462 430209 37559
1184299 42199 96105
805379 848407 6304
194631 365983 31759
234535 669063 77283
89252 216674 92999
919205 299942 95356
544308 47137 60906
936749 1114204 32302
618764 859118 49574
503582 1108250 27795
485861 907583 19606
1197520 800613 6610
37474 50577 41131
912782 1080398 5618
827743 483752 23430
236072 501328 89801
466694 196558 27363
67584 156034 32202
652763 551406 13309
1137553 291451 98454
1030818 1077142 26967
813111 188508 65998
213374 357142 75928
834717 1063812 3970
134525 10923 20898
792205 268769 92903
328402 21219 3614
671672 1068937 11548
233375 143555 50068
875698 394881 99674
1189309 268816 84642
835084 621418 83570
645463 989892 53118
936591 880886 29661
176818 498194 17969
1110719 461306 753
423315 43029 51546
430014 732605 92420
887337 598351 89164
808686 716387 93920
116921 701755 49734
503048 679057 16988
179655 1047080 71877
1202684 1114021 89240
247945 19130 19008
553105 444312 10803
137686 85166 65850
1056089 739763 3589
579835 167754 42926
126174 522346 19088
1088846 1222905 40211
349061 1076163 65545
475108 450019 94802
181529 1189498 12553
132214 832509 60701
484086 380126 24490
91864 855164 1423
1131791 907417 27918
38260 1070640 48787
392666 250970 29650
57352 577200 15424
328476 880469 52083
566170 425505 72941
292758 243436 18902
14397 1143537 87681
1220660 472537 25689
140182 177372 48719
1100453 254159 23985
347664 200678 32869
598635 86840 55569
745172 187956 61276
329171 109959 31275
275874 153802 24021
1067319 464260 36393
648883 368511 69211
831218 334201 53723
18925 377146 48200
636500 66345 49151
771348 1218236 71186
1174219 1094059 19146
531268 55988 30192
1179719 138072 52797
462865 338966 88917
622628 455905 90814
999530 403972 17216
684266 151488 28508
492827 1194589 48717
573613 1213777 10052
1190574 11909 54572
732948 464323 55327
776542 779097 70925
874874 1068644 23480
462548 761448 37832
907774 309878 71355
928628 793432 61661
1121259 213722 40050
1109134 105050 13994
614712 547227 19918
75504 211239 45979
603636 909521 15540
187222 206024 20305
322416 1072004 99064
1099363 441374 2358
767428 804404 69943
724750 717322 70473
1188654 35930 93929
34181 78275 67766
670289 89130 93123
36699 359213 16315
916810 513127 80987
923074 388471 56614
132398 166753 6236
155036 581700 85891
806645 936715 87704
157790 867400 28431
416457 9253 96561
699783 1081756 73489
287949 282386 21562
765657 423474 17708
1114607 937255 96280
17677 331043 23932
614318 309147 88953
270267 1201774 59048
320822 77479 83739
703105 1190629 86826
1189664 621174 69932
562482 1104241 57141
179733 818524 28894
124029 635971 47294
510700 791617 96725
1146463 199265 42495
204092 399980 66602
824030 1172444 10539
959338 659945 94912
539584 1039703 29208
1066419 822676 23123
1131367 187551 79844
742839 820810 35399
1053228 546048 29727
155123 991413 5807
315645 213608 63995
878132 67418 94051
888382 922790 67961
1153646 103613 65661
171537 527620 32647
666731 1209828 85795
1006026 137551 12619
230034 881595 2462
1202044 1122028 24248
426467 713336 67932
106243 214323 84869
681183 1083022 74906
384621 245545 96085
584935 605396 48457
1095097 313453 78724
1178216 934120 65936
1071120 530496 12004
734245 145299 30973
295180 710725 18969
164263 67032 81017
929106 405580 46798
239611 227543 97193
725428 249822 4003
1022676 912853 33450
1178744 526356 13921
985556 142926 47575
424023 57315 2185
988553 381227 92731
1088524 1153645 3441
307732 106242 24510
149991 615888 94560
960281 333778 62405
396119 1147020 94263
872381 777750 6355
614069 753922 23515
58141 164242 54491
4245 792244 16527
1182641 406241 38014
1167573 185883 38198
1065914 530054 52288
250050 908901 2323
988117 456113 50347
1009563 407669 31404
358178 852168 63605
821117 308211 53888
842285 567971 29535
553885 627418 55637
460133 241998 12057
1214973 1058635 15092
341750 185950 22514
790234 1201820 92275
2589 612383 12710
441092 1060741 85405
906209 686257 96002
1191592 890207 82004
549276 586720 72357
692730 385037 24462
168523 592329 41829
126548 27791 38647
822516 639793 75171
849348 1013841 18598
91928 730930 44189
373339 1084863 80492
823546 723339 28247
214883 398051 25611
618232 1120355 93041
327966 96105 61230
592711 322961 39511
283821 889481 89163
312491 87204 93335
1071313 503009 51772
992850 101816 10611
233215 454140 58820
303162 1185599 86905
460427 519902 85992
662375 870882 10834
477596 249171 26242
937866 373130 5294
727632 754554 32878
515895 697693 73601
912413 832362 71744
186215 656425 10046
1224333 787241 15768
508115 833601 73999
228176 90952 30311
848568 830735 73764
1003814 574098 32315
214455 765991 68989
1061631 705143 48659
785156 952910 52424
470156 496544 20542
235935 111527 75703
161610 86723 38311
508091 1188772 19712
1129762 332993 81679
862669 498098 51800
916191 364651 4538
4125 99433 48091
753239 382113 94854
3745 991364 31377
627799 717152 47736
432733 44777 32166
680490 75296 49988
805507 599939 26169
1146393 720875 2574
570774 1208794 36203
968019 510836 84921
806632 151919 50590
543288 947075 13533
989831 909116 34108
600890 916875 24429
1099770 229917 4770
187167 968527 71772
434190 649501 99060
771664 450539 10801
823778 581574 13690
551327 115543 84276
70478 632847 54584
763544 474982 17297
157235 594690 29081
1207722 1131994 6279
871577 949815 41567
1193208 839131 63009
1147691 747066 55357
154707 564601 74829
308251 294542 43929
711105 473375 11894
192472 583930 11381
1210925 893271 28317
174852 688654 71692
1111381 642031 31425
446950 258424 70090
761089 958928 34377
321300 923960 3209
1055790 1204450 9636
805958 765946 59941
970446 235534 70673
48640 1133641 31169
505949 1103709 79329
747501 642908 78605
578267 742821 36162
193253 1112251 33352
364334 474282 65106
384579 558511 84666
311211 103218 63351
194024 657088 49620
99126 876171 93076
85876 1215519 42599
194559 197163 37564
470627 160853 31387
131555 453096 95773
656336 905934 12025
1147651 516129 32545
11573 145114 5220
743197 974480 52100
976511 535741 43710
1076255 707333 54662
285494 766332 72975
929722 752744 91836
962675 1009711 99637
1186391 147174 7973
391556 939883 30950
405549 354016 34860
672064 616587 88239
1142355 304662 21502
1056826 890620 59867
563263 398229 79112
567475 399535 65683
333756 505828 94601
944863 252804 62984
893537 597929 22025
776462 317223 25301
588606 229670 84262
98107 886991 22840
204253 434610 34987
227528 1040238 48223
504730 1194177 95033
150208 233230 88615
317300 48254 90675
320053 1223072 56078
1098903 871431 74353
355720 300469 83607
789297 1130611 21937
537824 753139 59813
940188 880243 82664
519663 480831 692
77373 1096248 970
441024 1038448 99758
169148 343429 81100
202934 564902 93661
506733 199009 32711
96795 965122 21473
940523 499966 56548
175494 136744 56625
1063449 30516 97998
995498 824716 33299
327755 81387 64330
393129 856558 23399
664945 588005 7839
416458 354468 8031
765078 505935 64071
338792 1067704 57366
203572 1100798 70046
197621 656445 2623
441971 858808 75799
286863 616128 42816
212268 1192582 85776
209761 1006010 20067
681485 419647 270
354383 388556 85149
1127525 779496 4284
449048 1200356 44780
739036 64144 71181
837276 686569 52468
589475 278586 68953
60144 403407 26502
1185165 289803 49385
571531 857953 3887
1023014 333888 73078
1030460 923472 75933
889828 198815 52015
526575 641222 92740
864868 511088 94990
82935 559930 23113
717912 181848 61227
295657 1211991 26969
451653 656674 13245
494557 999367 1003
1209660 1150178 24054
276988 845749 65602
980302 852826 13618
508667 70666 41938
475359 695674 14514
524245 1075388 98274
550477 454047 33854
114713 50496 77978
748649 728835 45843
242614 68468 70838
547366 359892 17417
646913 412444 80053
570700 349544 53401
1073521 1154268 23528
747249 52038 81756
170256 198419 25526
958480 705395 58728
61459 126588 59280
644780 965650 33903
776094 414402 68564
12373 1060855 61460
1137211 723889 50278
917922 514644 33961
705467 694346 52675
1124829 766938 7355
923347 822858 42006
677271 962244 25092
457512 199572 75067
414732 696217 64293
390211 734916 81063
221417 906470 89552
176544 952925 55440
500551 241636 56982
69996 874172 26566
149679 295779 63493
337569 1011645 30189
579432 525738 83395
967615 523605 48253
348445 728999 54840
986377 902184 92358
954899 57813 8583
763334 805479 97534
22948 552466 3551
405356 381503 60759
413459 660070 8601
1204320 561247 81651
917927 1006386 53979
1031942 283907 74251
144711 990529 52042
581588 506479 38029
1029673 792527 91140
110316 369731 3068
11790 996789 99275
100216 688956 80370
900445 611793 5525
68444 801014 22660
27145 312879 98734
426545 484780 59282
261921 970606 42923
943938 621176 52623
977979 498 93444
651341 920210 49209
863038 746134 85674
323386 191978 17922
250197 1047853 22124
711818 979403 48218
1077486 1056446 33268
431994 437823 87281
566472 996463 98305
262520 386447 7966
556987 83304 9175
574611 125107 26078
935335 541729 19631
866609 410232 64449
202894 333965 70849
363599 1013855 63102
531741 410727 63977
1205929 562332 88364
1059277 260147 99906
138018 1137910 8323
516035 888806 53443
179049 449067 32542
1132570 745308 95615
295412 568960 4412
500707 1018857 5349
381352 1152405 42674
675189 606420 18927
289952 521551 59240
712244 1155366 50566
503497 154634 62153
1107451 479048 58812
578864 702565 12598
910045 491688 8740
1093613 262588 26132
558410 59715 50412
914421 328936 29440
459277 977878 64480
867438 228211 26328
21797 665227 4902
545124 314653 20004
1141150 290808 51457
139330 1059779 9690
1014098 823450 31882
231083 118228 24140
573851 674636 92650
684455 1211807 25395
490252 985724 31694
308276 284586 41020
1109147 889846 51108
229214 467552 69149
736463 545709 8432
702529 1074402 64600
609734 258493 37097
900906 526951 10667
545447 729128 33911
13441 684908 83074
515290 444895 45736
907594 1122161 68701
284525 757240 96921
609850 804777 62652
1069128 385697 57166
271570 485374 31849
231230 257180 43941
297552 1197926 90521
752378 626251 27259
564068 571379 21037
53631 972838 51104
529382 708322 29539
232316 1157771 22687
850941 428818 22453
422891 557496 3472
1134593 482775 44699
313566 893429 89241
906457 1130600 84303
104090 34894 61646
815010 320970 38098
775279 492101 20936
1107600 74097 32887
433155 74213 25966
1079654 242435 82212
43259 1202891 54484
938459 186347 73182
1183244 1202942 11605
1041802 1047726 25744
865918 92936 93805
754370 771050 16430
1026743 231304 54494
117581 192050 26132
396093 811761 85702
409044 937100 76559
526484 84982 64276
1094688 1068813 22038
393554 687306 82943
25661 262014 46142
1041072 844708 9425
105222 769046 60359
668970 219422 51797
315904 752317 35136
508875 284072 7427
479056 655207 24547
1224925 255243 6519
898432 623477 27811
703240 890000 46650
129825 648318 43487
20289 969533 32356
826904 916622 21515
998552 990944 46929
1011072 448578 81087
141693 908711 52676
1014558 393393 94220
642791 622163 10476
509304 261347 41186
100952 494598 93844
818578 183756 51129
458902 1127218 33451
1068473 152811 786
705000 1176564 16045
256056 590751 83946
631993 676253 77175
258037 641184 90277
376423 498544 11231
997047 1096562 5794
254404 557417 23010
151624 261802 21227
200045 579831 56964
722427 1099327 50299
96995 885474 35533
421860 128735 38926
469430 440053 12771
970752 953019 38918
279582 207701 16894
17578 716082 44039
321778 536108 88346
174142 1218271 66779
422252 910718 15617
144077 601160 84205
1151880 214425 99111
887869 337114 45697
984302 494199 60485
10071 52044 29829
182414 590189 102
1138971 1010453 19673
1044153 457077 8753
82838 401066 31827
555962 491500 41784
301218 330458 6308
663246 375895 49799
570223 1082611 45401
786131 564626 91300
1181798 692584 27551
434540 510117 64332
172587 109468 97129
103833 186615 44779
80524 187007 5886
51958 1095987 1625
1146484 42782 31038
340954 651069 9155
657400 383460 25091
264550 71753 31342
1032206 80025 31077
101929 796744 86994
426477 462487 73635
759193 627778 28021
1189613 295871 64280
935436 847120 88131
55406 265962 46220
400705 653771 393
372332 300931 35900
491130 438576 44951
857968 790278 97252
78980 406903 53409
451784 209518 64521
407871 861129 77897
464095 342864 56053
703833 703217 14538
585437 1096706 87881
546196 85233 50166
780409 177196 43576
332374 1105569 53313
813482 1126974 19813
985492 267160 4809
1182475 1114202 49611
203267 728528 13271
31974 1006564 7480
981185 797420 46893
150501 165919 85413
933740 436322 61502
405056 500975 24002
574287 599750 701
763416 723450 97432
439806 239798 92599
871483 592263 81692
1227143 655653 49645
71448 987154 7775
1148711 1081461 2730
101625 769689 7356
326125 236785 69074
114917 117375 34919
491166 522986 59215
739922 1044383 35867
674995 288692 2022
1200385 1140855 89020
723366 626633 9244
926683 827409 69594
24450 645536 13275
966139 765794 47090
250999 185358 32638
2089 811503 27560
1120583 137319 95127
171369 545151 89970
806168 435449 45371
1104733 277758 96203
851006 649799 76689
964067 159121 12295
736389 920792 59963
808031 483501 37540
550351 158612 68263
527874 1012628 56993
514096 525407 58531
708343 1128954 17925
60300 1180628 74869
262188 568036 65493
1097041 1168594 59321
975397 1078127 2129
1163272 318767 77437
425710 1064177 65915
51248 391271 96712
457355 311469 15230
38081 993805 57603
1048191 873290 89825
831119 719240 73830
960718 604107 47593
540375 82842 56882
872778 817142 3064
615191 504590 16525
493484 883572 93704
270773 605278 7020
33101 14641 86175
508670 1106311 73349
671244 202544 20593
676774 962676 5686
98555 17353 90868
1066754 442399 31340
787198 1077797 35777
494582 989411 32427
373369 332316 97601
313730 729371 89037
505840 505264 93733
1036344 456414 69179
1208045 312136 20186
978201 109582 73184
334835 224247 99055
1041187 1045777 92176
208149 1203613 81943
344250 424683 13931
1095778 881598 43665
1208123 83580 11536
1133879 865865 31238
597590 996734 76772
400212 800730 89535
274555 284094 82695
112191 857364 20881
240948 139456 95651
387200 600937 21656
1111452 465636 48483
145563 108122 91071
667943 1171521 30132
1146254 874977 99869
135100 1016268 65987
72507 1207271 823
1173468 1047524 14284
868043 481009 54193
26616 375428 73612
446814 213838 98796
521300 273272 70240
812650 273350 26523
970704 429028 64677
848421 691783 19630
45780 50808 34444
146532 117214 67125
987815 1119488 24983
1039801 264658 42340
1049921 678068 42111
232833 655641 87832
47132 203614 58623
787729 471345 15173
604903 108711 74077
215676 131620 7559
555181 1197512 54146
1147809 749447 69519
453519 506038 2492
136060 387091 79142
1039057 165962 11770
609428 775341 68852
669964 218558 24942
1033818 1116755 69201
439164 791708 73333
919415 1203778 15119
678595 89361 86436
504782 630362 77822
1076882 1148863 82540
492470 151801 9153
715625 648263 20984
320285 1081307 41521
201014 588923 33018
1042299 1047294 45150
1224875 275155 78004
102348 1024868 49383
629756 1122756 99780
1078749 109109 83257
199268 198037 77874
595865 449365 10171
90640 453890 97109
208023 908178 16352
757411 152482 58613
861225 678170 56353
439519 1144066 58623
646813 452268 23023
212865 1152326 62212
926553 385447 95455
176431 207953 61296
528214 1124093 16562
496402 1005214 36040
714301 286813 59640
273015 650517 4433
773197 136277 14771
940040 396076 51393
730667 533362 12239
1192940 896486 63302
929293 775469 23744
106446 1170320 64673
358405 218661 63363
831086 436142 25310
40316 1091205 80724
96889 88341 81348
906588 683444 35579
17404 1130989 4207
69445 747989 70097
1202124 349569 69872
712735 317977 7150
470684 88780 34194
150371 958290 11274
1085721 1233072 9523
1201464 859274 93474
819690 185273 4103
241295 198760 29512
826571 752996 1905
238978 183389 6493
126682 616280 55667
931715 8425 23811
256312 93815 23676
66851 151704 84472
930515 486313 73784
899624 1086868 60742
771901 800516 16262
252364 1122960 93931
257788 1085959 24839
164297 695345 6674
680470 576994 38582
733940 1007362 74198
129533 1060844 23826
703477 5644 52111
792744 1189704 89395
961083 705616 38586
920723 979120 73605
915478 1092956 68214
353444 861250 26204
297837 837561 35890
846458 683555 4764
242327 972736 71195
322696 219897 58748
866968 909117 58287
191472 982170 75414
101241 280760 47761
1173838 406442 25295
340533 966848 92492
323531 874833 17782
1077641 254119 4498
678055 57544 78474
1041139 521786 17935
776988 453362 84679
372452 993742 4336
920532 462704 88111
787463 1219130 4073
517095 219805 57961
269101 1073642 34678
715498 7613 78256
668151 150594 95621
1149951 834510 9902
835780 196123 39899
420462 142368 29113
527662 652695 82956
249219 400492 51837
1038624 42160 35130
726352 770568 37227
872939 851772 71449
18689 372384 19876
38876 183471 93825
1115730 1033138 66427
518315 474552 19394
931689 907499 49583
1027308 253165 59547
1213599 717097 25233
732729 156551 6998
54600 981930 27158
849254 656289 24390
125863 547452 65158
531429 90618 32910
583217 5866 56148
8257 873198 89038
233252 883765 50221
250411 863883 84768
1107285 1187009 70409
848891 10877 87671
1110438 968198 63932
590415 151107 5035
955127 1003854 85478
838598 357589 25205
506155 626685 90544
620608 519750 73141
1177261 820706 38466
431045 1161366 22633
318167 641073 21092
151500 656797 44243
743796 390321 17143
589560 1232202 34595
672887 831942 87296
