500 500 1000
116 147 8604
334 260 3797
143 402 7408
425 74 1415
464 133 89
190 464 454
298 289 1582
449 360 7316
68 433 2022
382 346 1962
308 267 6087
375 255 3368
333 49 4133
421 145 882
25 119 4277
71 223 2833
38 432 1260
361 90 5987
104 231 6905
495 104 6381
486 119 9992
499 317 7330
91 414 2005
79 70 1565
462 192 262
342 130 8475
221 463 7148
446 364 9092
500 436 785
172 486 1740
451 397 825
297 207 9181
97 163 2940
58 239 3397
369 242 6483
167 398 9973
67 451 6949
437 180 1671
185 175 5145
295 240 1343
348 381 3034
353 401 4172
158 442 1274
433 43 6173
3 448 7865
270 174 8610
370 134 2229
325 135 8801
60 49 1628
487 421 643
239 89 1176
204 177 3452
453 14 3330
11 437 792
199 437 5257
408 332 8373
254 318 3841
218 206 6418
121 71 6060
258 361 5719
447 345 5763
248 336 9688
472 369 8956
166 435 8455
131 20 7349
17 428 2603
284 405 9918
407 279 9897
109 441 9110
279 247 4506
366 115 5346
86 298 9149
149 439 2951
438 480 6734
16 328 131
381 95 248
456 407 8475
64 324 8322
453 129 4230
91 65 8129
22 114 9166
272 178 783
219 90 8597
150 170 1454
193 399 665
392 425 4099
26 385 9704
448 246 2082
331 53 1762
389 253 40
22 208 6551
37 340 6626
353 494 2508
420 103 8162
58 375 322
194 52 31
3 250 862
84 284 3488
262 226 8622
194 310 472
346 399 4134
362 404 8730
341 431 2805
184 60 9101
53 499 2754
461 101 5386
377 360 8761
23 86 6924
466 89 7962
63 461 8403
24 305 1472
433 266 9690
391 160 5819
131 270 7318
233 133 1815
55 247 1391
492 309 9110
488 34 593
452 375 389
91 301 418
499 105 1797
273 252 2774
12 433 489
278 402 9031
42 101 7081
331 284 5768
121 461 5953
20 65 8483
118 287 3228
489 460 5328
425 7 7387
25 437 6130
415 24 7677
139 401 8835
68 490 7683
275 419 8245
396 50 521
428 69 8829
27 102 8664
173 137 9283
132 177 969
397 467 9562
151 420 2296
306 307 2705
18 186 698
53 383 7825
239 237 5860
193 82 3387
32 59 5492
388 39 2661
437 22 5401
13 106 9341
395 124 766
428 172 9398
112 329 8988
138 403 3550
80 406 3715
114 75 1328
220 333 7937
354 159 2914
233 488 6748
284 364 8172
468 107 2289
337 197 8403
165 223 7170
75 289 5575
493 350 1667
256 152 9453
121 222 9168
317 20 5088
460 348 6829
68 190 7764
106 379 4511
374 298 5355
432 404 722
486 263 4108
246 273 3835
342 480 3870
490 439 2686
340 244 3054
24 83 6925
263 246 5216
451 3 6031
460 54 2987
98 76 845
351 215 1342
389 71 6367
385 75 4113
184 424 3431
443 47 3731
37 450 2321
473 481 4269
161 362 8521
97 38 1062
204 236 5815
451 165 5947
492 214 7696
414 136 2561
457 370 9346
27 20 4688
188 18 1595
444 483 8876
96 197 1805
71 286 7081
227 147 7741
40 196 3733
228 224 2911
276 478 5955
143 137 4351
310 47 5756
234 422 70
413 399 5370
108 440 1698
310 259 439
326 26 6106
291 408 8459
31 452 7348
275 103 7506
275 469 7486
475 393 233
36 300 8098
394 445 5837
112 24 848
292 337 4674
179 420 1211
69 454 3838
262 209 1325
237 241 2842
188 455 4978
177 285 6063
306 471 6307
271 39 7842
299 121 8223
450 171 3661
58 319 5066
150 40 5080
253 414 6650
369 276 8770
404 143 1811
63 369 230
294 270 5346
183 258 5231
9 19 5048
214 90 2533
66 217 3849
158 171 7790
402 372 9800
376 166 2061
258 231 8028
224 245 5647
355 170 3814
240 400 8776
76 88 5354
300 409 9939
69 38 7735
156 447 9207
119 343 8811
421 476 9059
95 407 7658
113 251 9430
445 209 4076
246 68 6585
129 29 7026
208 393 2054
354 314 7057
424 486 2453
472 235 2093
269 310 2152
368 25 3899
149 166 7582
76 340 6499
140 91 8203
279 489 908
453 15 1124
132 80 5222
296 308 1528
41 374 6535
256 229 7031
332 266 8331
469 411 2861
319 255 2443
305 228 2493
48 484 3664
213 250 2910
8 79 4394
4 438 3995
247 262 8952
394 384 5922
450 237 4369
62 105 1646
41 391 5149
329 413 6429
360 394 3699
430 257 7815
226 185 190
179 77 9079
211 424 8254
339 116 3843
292 306 6416
278 172 7231
49 345 6740
185 97 6616
60 269 1133
423 354 4638
87 26 7489
178 304 6118
157 379 6294
200 24 3915
182 38 8556
421 366 3223
289 187 3179
326 210 9841
356 393 8142
457 225 7982
334 287 7801
275 436 6859
469 234 9919
456 197 8530
488 448 3618
413 67 7030
339 26 7555
393 407 4152
277 119 7562
90 34 4727
292 420 3934
355 466 5613
363 450 887
303 447 151
393 308 8484
434 174 5001
286 80 5090
310 91 1936
498 391 6866
384 25 7764
354 118 3132
383 333 8475
234 500 5380
11 162 7387
399 219 4355
472 101 8308
490 327 2658
193 329 1291
1 450 6181
238 119 4532
233 486 8082
257 436 2503
186 233 1904
18 233 8459
290 390 5005
320 86 176
489 104 2601
75 247 509
452 268 6680
433 319 1705
424 142 8864
303 442 4946
100 167 7241
352 256 7118
461 397 3420
188 3 8631
14 342 1248
220 127 7367
372 131 4358
67 353 3408
215 378 3540
478 425 7446
446 453 3174
493 50 1810
488 369 7295
57 453 6723
484 295 2888
161 490 4974
295 237 4883
200 310 2935
141 156 7516
39 436 3168
56 299 818
467 185 553
418 421 2743
128 2 6561
131 131 5250
376 367 4269
210 334 4391
299 197 2419
325 214 3869
368 305 3077
430 451 1819
358 219 9641
223 237 7583
203 321 6695
137 100 7007
407 84 1864
168 338 7470
374 319 4537
80 370 7883
175 36 9773
340 186 5204
109 443 8969
287 276 1790
102 207 6501
355 109 3899
78 113 2297
179 356 7993
495 47 3877
496 330 326
254 132 5914
312 359 3784
459 206 4271
430 199 674
18 204 7044
13 286 4410
406 253 4778
457 30 596
199 252 3728
222 204 8593
231 341 6936
26 313 3628
452 193 3497
150 460 9787
12 108 8530
93 106 5183
313 443 6044
319 265 1598
176 152 454
300 119 7273
250 329 9870
455 266 2456
332 285 6804
50 457 9543
83 475 8966
202 385 7864
217 88 757
161 475 755
483 238 2730
245 39 5006
329 214 8413
249 153 4620
258 397 2198
192 452 4885
480 346 4124
98 437 3048
93 25 2220
86 175 6646
362 23 1515
112 123 9673
205 233 3852
326 472 3866
158 209 3076
193 473 7309
436 332 445
420 249 1591
138 327 63
79 355 8317
281 268 2074
151 47 7252
305 380 1431
306 269 3795
434 244 3666
470 396 8198
121 11 2684
2 359 4812
235 116 1182
463 229 5408
438 250 522
405 263 8648
480 442 4587
8 169 35
97 102 8692
229 452 6918
472 343 9122
362 36 8244
494 410 9540
35 365 8378
378 191 5785
333 470 2222
183 173 6050
91 354 6119
226 19 7275
93 228 4366
331 282 1435
94 33 284
238 191 3765
132 323 3284
281 294 3163
170 304 6321
21 191 7064
234 286 4400
470 280 2014
184 289 8633
406 213 280
131 302 3370
422 357 5892
172 227 4760
202 463 1981
334 417 5492
498 36 6975
362 400 5793
188 499 4377
245 295 1052
411 178 4440
454 416 8090
21 365 530
65 55 4315
278 499 4778
143 427 5115
108 330 1529
171 39 1627
39 485 6517
202 259 2525
242 109 3078
313 361 8281
9 12 7958
90 480 7428
68 344 9842
410 158 7362
423 281 59
430 338 3997
90 161 3448
270 400 4901
212 485 7849
250 172 5868
90 406 9467
408 155 1728
313 110 9263
123 473 9791
310 233 6193
237 318 6087
399 499 4141
329 176 9503
332 211 7588
8 77 2571
74 59 7376
289 123 1216
301 494 8738
335 215 4967
87 403 7434
254 180 822
364 441 3494
285 63 8822
311 245 3570
249 258 6444
418 410 2716
351 293 7361
194 326 3194
486 33 5527
57 225 7354
330 374 6124
366 113 1013
59 370 3480
367 65 8233
452 16 6790
308 495 7966
126 392 9182
452 161 9409
383 86 9378
284 8 1742
40 364 4746
153 408 1201
7 430 7965
46 45 5660
295 128 3217
222 392 3363
261 165 2955
294 454 1450
159 226 5579
213 245 3434
449 362 394
380 3 3166
85 19 8856
181 277 9651
120 99 6985
448 168 6772
233 290 9745
98 474 3050
360 199 8682
373 372 74
451 73 9676
450 272 3662
428 192 7629
236 368 9435
221 207 8592
434 184 9682
138 271 6000
16 444 6315
485 150 8632
219 53 3007
168 138 6134
161 1 3746
357 88 9558
225 414 5833
418 203 9878
229 223 5990
385 205 4353
401 352 3206
119 473 6502
144 243 3508
488 73 3532
345 53 5277
35 56 1510
244 179 3995
77 86 1894
3 351 2765
142 83 3810
112 451 2504
323 242 3274
355 174 8068
9 114 8972
385 37 3948
385 124 6207
448 26 6280
306 270 8432
152 436 1479
224 169 1451
480 127 3606
97 414 765
296 177 4282
28 104 6948
48 410 3255
190 269 8656
45 112 2034
308 329 2541
443 327 5419
415 451 5608
79 429 8726
137 249 6328
114 14 5279
1 322 2885
443 204 7328
413 177 3980
341 371 3841
46 367 3669
429 236 4682
63 207 4726
380 419 1779
455 330 24
123 77 664
113 152 9997
290 357 3607
373 11 2142
141 339 1555
295 185 6329
288 304 9987
399 188 6159
472 277 5904
428 34 2614
279 157 8156
66 292 1506
127 429 2426
360 355 9364
303 322 1351
324 114 2044
271 63 974
498 442 2100
194 454 9000
378 164 1781
201 269 2771
472 13 7546
99 290 7678
428 35 8444
478 450 8918
441 283 5529
436 59 8154
176 251 2498
350 56 4644
364 462 8264
315 387 508
412 219 7059
456 458 8526
148 195 6363
288 47 4892
481 390 1177
425 109 2672
419 237 5407
107 321 6988
14 162 6179
209 498 3355
343 273 3160
480 430 8668
298 410 8497
327 490 9892
367 48 874
94 190 1917
192 68 6089
278 333 608
175 53 5877
316 154 5552
313 169 7355
22 381 9651
249 493 5818
282 457 4965
357 18 2148
256 289 2917
352 484 2621
5 375 4424
497 436 5150
265 158 3690
256 490 8991
81 363 411
399 438 2971
285 31 8499
23 278 1069
257 261 129
38 196 5752
247 391 9496
302 76 9175
265 62 8
42 217 3811
443 372 3867
319 462 9552
26 41 6621
399 122 5451
468 158 9324
37 183 8212
36 325 4044
408 341 6577
101 148 6422
197 372 5071
418 15 7618
296 448 3354
441 133 2179
420 226 8217
482 499 5618
154 323 2831
418 211 5955
455 410 8474
267 167 1068
65 87 6602
488 316 947
357 304 3678
312 123 5260
461 289 9548
498 228 9156
231 222 8625
441 187 9478
144 469 2309
427 140 8202
94 492 3659
291 320 6442
258 224 3510
98 108 1168
139 182 3843
48 68 2682
432 289 1077
288 326 1296
335 297 7750
258 421 7840
488 489 2145
48 364 6445
477 189 2523
237 232 2674
419 275 8729
476 72 5162
185 448 2315
47 437 151
71 7 3187
470 289 4551
31 119 5547
385 379 8933
428 246 4928
293 111 3527
166 15 1176
374 353 510
11 47 6487
319 91 1351
149 91 4399
126 481 4581
228 57 2202
69 486 1145
166 291 9927
99 422 9702
11 63 8562
153 490 5177
492 49 1320
234 72 3420
429 65 974
302 359 8578
173 325 7919
272 277 4082
484 385 493
176 4 3339
166 307 9430
435 348 2902
239 136 1447
205 67 9682
358 265 4628
33 33 7099
335 103 3037
419 395 3579
467 483 4884
345 342 6283
123 179 7851
195 45 1366
246 51 2445
75 411 6013
226 47 5916
443 454 1630
296 215 3192
112 213 9647
131 397 2882
308 162 6165
236 335 609
105 105 6851
368 137 2672
414 223 4820
187 272 9419
385 431 2507
34 184 4642
16 216 8848
352 155 3960
188 240 4240
93 410 1258
272 123 2066
81 30 9218
85 337 5689
331 313 7729
73 431 596
36 420 2948
385 356 5559
272 418 4816
368 79 8041
303 291 5057
345 216 1732
473 334 6124
245 409 9825
203 163 1680
180 389 5728
419 169 4778
28 416 214
415 401 6367
500 419 9014
196 18 1392
247 171 2439
62 435 1320
283 44 3623
131 224 2331
90 337 6632
423 465 5049
210 14 8205
428 468 7573
442 38 5909
175 441 1437
51 430 8314
202 237 4435
110 208 5347
161 298 2084
386 423 7241
137 443 9077
31 357 205
300 448 7898
489 481 9389
248 339 8596
316 232 862
411 432 9372
146 327 6641
78 335 3687
446 425 5850
259 439 647
393 120 1750
482 500 9647
296 59 9353
279 479 7420
82 91 7496
380 445 7280
259 229 4568
427 187 8473
428 382 9889
196 71 7740
280 320 5484
234 107 4615
483 245 9049
428 400 8058
59 258 942
123 434 3087
272 481 9064
57 294 4522
315 64 2803
469 209 7738
254 375 1365
402 260 8517
14 393 5773
323 397 3793
253 331 8583
174 331 1650
397 365 5532
472 311 1877
359 211 6885
423 212 5401
375 197 701
311 467 3705
301 136 9776
270 101 5995
135 296 8072
292 372 8379
497 149 8336
185 397 300
41 216 2775
181 209 277
256 52 9069
442 443 1985
171 494 5689
232 23 5956
79 382 1612
206 310 6715
385 28 6999
253 485 3818
381 394 1118
122 113 3254
244 171 8059
370 298 7795
500 338 5280
28 334 9941
22 267 878
457 341 2911
56 151 7327
126 381 7900
460 261 1351
34 80 9498
114 54 6620
424 266 3494
44 1 2146
356 228 573
296 60 5892
185 264 2992
267 261 5943
233 200 9062
298 318 3543
401 330 7626
84 288 6487
149 415 4293
91 58 5575
318 327 4022
278 403 3060
351 337 9270
192 52 7233
248 142 4975
466 176 4695
145 429 1194
428 331 2854
496 418 7931
242 385 8610
234 55 3613
375 280 4294
320 13 2440
262 132 2492
311 6 9154
291 363 8047
205 91 4069
439 444 7363
189 17 5929
268 68 6132
266 113 4151
493 499 8540
100 290 1061
88 454 322
490 271 6693
109 325 7197
441 268 3212
312 486 3760
152 44 9763
199 86 2068
18 213 2738
263 67 7941
61 17 6449
28 400 9394
144 195 8600
436 491 9489
19 196 5059
154 10 4281
346 458 4595
172 462 9255
58 311 182
405 287 5545
158 337 6372
488 388 180
256 141 8880
336 314 5920
278 360 3965
1 19 7761
8 118 2353
424 381 5649
339 487 4008
91 106 3640
273 193 4682
113 25 6296
339 142 9406
497 462 8203
373 265 2094
194 348 2539
333 292 3450
121 322 1375
66 250 3221
449 472 9246
403 441 5877
169 376 7900
327 366 7631
37 139 4339
116 249 670
424 352 9214
368 118 980
196 469 9945
