50000 50000 1000
4192 14086 8732
41660 46586 6528
24564 949 2710
22404 23681 5195
49166 39377 5647
33923 26039 4203
3851 25137 7934
23479 32901 6442
23525 34193 6650
3516 42054 6422
13723 47446 5868
10548 11611 5542
5094 17514 494
1541 48863 5315
13998 12586 6216
14441 24243 5505
41629 3230 3646
25945 39638 3892
45350 28565 338
21114 32243 1795
17970 42318 2179
18983 8589 5857
5901 17734 3398
14362 40982 7259
76 47402 8682
18109 42587 1830
30152 11874 9437
45941 43739 542
19653 7024 8640
30326 48343 6541
34554 9725 3683
46512 30896 7409
33893 28586 7094
13667 19105 7144
32522 25688 8320
5413 13801 512
7770 26023 7466
28233 10825 2195
9534 42512 9983
10731 8941 1653
30372 48259 5144
28265 24052 2896
1878 46785 660
21001 20916 9015
2493 43675 8646
10135 2713 67
48498 30684 8502
46948 31354 9111
34424 5779 7854
30848 41638 1348
39575 22407 7347
24839 38191 245
12546 21706 2194
20324 8287 3304
12196 44047 5317
33121 21491 6417
27300 15170 8033
25541 28192 8388
40100 5030 1875
8100 21735 5906
37009 17478 4557
47157 48276 9450
38706 27174 6633
45157 35767 2501
9574 2035 4244
26423 39802 7339
46057 6378 9066
31015 12537 8252
41703 7174 9743
40035 10081 9926
31634 32427 8919
38094 34838 2189
2896 6664 4882
49102 21912 594
27665 20609 4126
17 17061 9911
1058 3027 1083
42688 18288 1112
32067 13842 4636
13320 30527 8865
11786 15488 4548
42002 5406 5145
36470 23263 8988
22326 22963 3760
12123 9286 4070
35283 47243 9129
4645 41249 2360
14938 35795 934
18231 37124 7594
30316 7934 4730
48261 36454 1592
45804 12927 7126
27332 31639 865
18873 28289 752
33374 2270 3698
20198 13293 3892
6724 40014 8563
24838 18320 2426
18821 28744 335
37108 41428 5132
18127 5765 1334
17204 26551 1270
49881 47819 2268
32839 17254 1336
17332 20470 2058
25160 27462 8032
7213 30614 4083
33995 41176 4421
19737 35022 7912
37569 10957 1553
36292 28971 5949
32361 36687 2989
26420 35248 3797
33517 3684 5633
45482 5651 2046
3648 47726 3912
34482 24303 9729
27691 31653 9518
31958 41429 1327
16873 6350 1275
10112 40180 1468
8488 19863 8708
11261 45978 858
893 38472 9576
48590 10478 8762
43208 14916 4173
16295 30784 2644
32937 33317 115
12222 21005 1832
26835 24458 2382
17766 5154 5835
23531 40747 4572
5081 32718 3380
2706 28538 6084
3039 12449 3763
15548 9362 2112
19117 761 6854
47455 34691 7956
14933 40811 8785
40768 1739 2997
27430 14745 1249
43 6691 1085
5557 38769 4243
24801 9668 7730
17647 20918 2164
13349 20340 968
37663 43165 2110
30787 46899 6257
6644 12473 2939
22903 29346 3208
38713 4287 1010
33587 16160 8764
1360 2571 7896
675 22673 6253
25288 25999 2556
35427 18281 7760
11881 47970 2157
36094 39372 6845
25711 25059 7385
16543 49783 1627
8198 46787 1034
10329 36796 9941
31205 42480 6168
21080 12672 5697
33263 11088 1456
32376 23650 3610
11717 11340 9392
43571 17941 9969
42536 954 4588
35816 30533 4163
2416 46473 2061
23677 34484 1569
47820 47496 6336
19786 41997 2144
38940 20780 768
43556 44091 5853
49391 41472 9085
28012 33596 1964
37410 33112 6078
22191 40635 1208
39576 25676 5407
47984 21454 4442
35857 14986 1825
46135 27822 416
36693 34487 6306
4458 29661 7460
33393 15034 7285
48040 47241 9671
6035 17519 9139
32399 48855 6868
28179 4936 714
5238 20380 7038
47990 12782 4210
18789 23818 7347
30054 9171 8286
4976 22746 5409
44879 14009 4037
13721 12075 7176
48593 20779 855
17523 40569 1529
1197 49613 2424
37169 7581 8774
28500 4325 9665
2842 13006 6214
39891 30054 6280
30301 41256 7845
232 49720 3910
39262 7771 7779
14305 4313 4893
30270 36357 786
15335 4902 9574
32085 48434 2691
12147 33830 4621
30762 31511 9848
37032 30452 5002
18534 27265 2141
34996 12807 2540
38813 6162 327
6132 25695 6122
1209 42436 4532
37364 49551 444
21620 23075 9441
19464 31038 7420
32901 22875 7897
15558 4583 7048
27939 37292 873
3294 25357 7605
3746 2493 5304
4867 19930 7200
42560 16756 1247
14638 8950 3821
11414 25129 9945
33019 5659 6959
4575 3429 9911
37490 7658 6361
19244 28051 1954
29997 1529 3548
39095 41243 2154
3339 30305 5861
43935 36907 8484
34041 21495 2257
19320 22425 2325
24677 20330 746
11398 31408 8010
30482 3215 931
13555 39633 3873
28415 6015 728
36174 39262 6446
44334 28025 2521
24591 9762 3067
27488 21285 1434
29241 26365 5173
41547 43313 4671
32604 11390 8459
1691 25767 3232
29659 13204 5525
23659 21994 701
19575 13919 1949
35433 24835 15
13446 38634 4782
9410 20464 7061
18202 25897 1273
26997 41631 3245
10107 48685 2573
43786 24568 1681
16030 43381 9448
4552 11181 5048
34748 36195 4480
37069 1776 8690
46160 17866 1840
402 958 5520
41200 13283 895
8931 17472 1733
25717 48656 6912
4388 33981 9144
2022 17382 1778
46870 9469 5915
47379 31328 1236
41823 3227 310
20425 30033 440
44133 46544 4534
16186 43882 1225
8058 30330 1874
37790 4541 420
1556 35138 2967
21822 26244 8698
39241 1582 4577
16658 20449 5145
5253 23945 7418
3867 14240 1800
23081 11654 224
11033 4555 7699
28564 25720 9818
18895 29693 1091
46316 10313 8361
30391 11023 8731
6107 23667 8675
35522 24290 1236
44229 1451 9124
11851 4200 9025
28265 31665 1973
28361 37701 1378
48533 12954 5188
14597 17131 3872
2985 31463 5421
17122 279 9326
47733 38471 9389
3926 27538 3299
3852 7680 412
27989 8638 9829
32721 18115 3638
19508 24857 1749
46022 4511 1613
3571 34169 8691
4884 9307 3785
41759 11547 6421
32771 23988 3317
18529 7184 7464
47736 40471 3769
8618 15508 6824
41635 47553 8755
48092 28 2219
3289 8518 9392
17474 25981 3887
7676 48874 2491
18040 423 8364
49366 10417 8343
8400 35908 4027
33041 31031 5011
2807 49155 8405
44802 15678 6970
2756 28911 8335
2058 34749 104
42544 35707 8304
38553 23614 3654
12041 12729 2723
30200 48537 8337
22220 42432 9334
17431 39361 2718
27495 27425 3439
21596 20633 6077
44567 47830 8070
35137 32533 9760
164 6013 4045
24759 26317 4621
10611 17065 2976
5883 49497 3979
43008 18779 8949
32021 18297 2979
45104 11292 3016
948 6372 3009
42688 40390 8299
2649 33568 6005
47943 13721 3370
15655 8388 2752
5587 35781 9506
17951 13199 9956
32334 27874 2632
21336 3311 7558
19109 32363 6107
3525 38377 5911
24895 11473 3387
6270 31437 7272
5890 18309 4976
11815 11489 7048
26688 39877 5194
19560 26956 1328
136 14410 87
3392 24377 4779
12356 25161 4519
36034 43090 1022
9063 19461 913
48454 11521 4855
12257 18501 6672
28784 7734 8579
10057 30581 81
49680 11967 3002
48939 6282 6130
19041 22742 5119
11582 28324 8204
12217 37564 3860
35650 22580 8970
10670 10519 2585
15086 24333 4818
32722 29685 9411
27943 45803 9777
32119 42414 8348
13511 5244 2072
25091 11330 6853
25470 41474 4825
49335 4389 6469
48996 41822 8014
14340 18852 1338
18499 47500 7542
28134 19832 4348
36617 7156 3207
11725 4394 821
15931 14372 7624
14947 11833 6687
42135 11793 7200
22526 18659 7138
15030 3605 9504
46846 34678 8574
40127 18461 5968
452 43030 58
20596 47900 3405
23141 49194 2155
11024 4302 3110
23264 19102 7499
4915 3351 9636
33518 19625 2685
45079 6022 3438
18606 42402 2359
16549 22692 8185
2903 34218 1105
18899 20473 5421
45721 37069 1099
34394 37353 4040
10256 15148 9532
9852 19175 8972
35008 6071 6494
20375 16300 561
25522 44702 9219
27956 13556 5286
44674 19205 2687
19629 15878 8330
29934 4376 3827
7929 12610 2500
8991 5012 3664
25708 48403 2323
33421 27363 6825
38042 41040 323
34072 34448 239
12067 26327 1610
19989 21962 9661
1452 28435 7389
37140 29311 6515
38901 44488 7621
9847 35734 1000
43823 4193 3082
13279 21665 7311
17077 28288 9465
21264 26190 5650
19911 20803 2047
33042 30176 7248
27897 258 3787
13903 23179 2499
37006 11795 6200
10110 11981 7
7316 17446 1842
24952 10814 412
2528 25257 6696
311 7390 1715
31805 19450 5138
45530 11911 6046
39722 23343 3171
518 13156 2198
21195 628 1943
44038 10379 2948
5406 11591 9274
9543 8679 1362
43471 28491 8521
3336 11262 4209
2963 5403 4400
25750 23453 7719
5167 43533 7849
48389 32927 5875
28931 25960 2798
15123 12012 7142
3488 17053 6556
12936 20872 3688
40864 43286 9959
3503 11188 75
9016 19712 1437
2180 33657 7147
2536 42526 2628
19734 4436 7750
10319 45946 1951
47878 16708 1180
44102 44446 7760
16577 26720 5679
7615 40334 7926
49817 42779 751
25593 31667 3905
30494 42796 5241
12762 35779 8189
38531 5167 1710
47152 26819 7501
49499 11304 2970
28787 21277 2803
1027 2058 4791
17586 394 1576
27481 26688 9273
7497 49937 9787
2983 37350 7170
4177 19263 2244
2440 16646 5666
43661 7993 4591
1346 48592 1599
35588 6153 2609
16367 11588 2862
14490 43202 5760
10645 49061 6943
39602 19236 1681
46611 49787 2402
36228 44216 2501
28050 24791 3471
43094 16675 1969
5146 11312 2360
36032 21079 9958
16700 8171 867
37784 22890 5637
40194 7523 6168
39863 13354 4127
14804 2365 3829
43334 10351 5431
37467 2985 7962
17490 2412 7427
30826 44852 4745
13901 3722 597
2491 49562 395
47190 6030 8652
3205 8859 4779
21016 11809 403
47585 46691 9041
38447 39153 4128
7554 15880 6571
19821 6536 8589
27169 31923 7524
6355 9021 6294
3923 34527 9601
27590 4160 8164
22579 15973 3854
34439 37683 2893
47510 10204 466
35514 27306 9040
12074 28096 1002
36849 36805 7201
25611 10512 3409
17546 23140 7074
32369 5526 5582
1717 15397 4406
34158 48946 8685
40105 29041 7319
39488 20995 9477
1129 14648 2118
23656 16311 2344
32528 11957 2506
4043 15107 5224
43241 48014 2693
36697 43686 9513
26423 27818 1316
28412 4703 9317
40289 48059 367
41805 40737 9442
42180 46456 1720
9780 13715 8072
40692 11736 5239
23912 6703 3082
6601 38966 8275
541 43173 9915
44519 7484 5193
10836 35515 5050
43112 38154 9186
11821 13672 2357
37091 19782 8788
14015 35608 4165
4833 37934 3233
8841 31350 7878
11035 27942 368
22874 14877 423
73 42160 2171
12429 43126 951
9365 2403 2300
35861 40540 8001
11240 22746 6051
16966 11074 4936
18732 8563 9199
22023 36752 4313
1571 47004 1060
47322 49718 4452
40652 34041 8891
31766 17373 827
24551 4169 9573
5924 17348 6215
31814 24762 5309
35132 44721 4842
17817 9043 2936
23135 9242 3992
30039 39004 2480
44186 11589 5824
30682 36927 2619
48817 32277 892
33585 13305 6621
37425 15704 9753
31993 5968 3439
5102 17493 8031
22911 39443 1909
13020 28585 9224
10839 16542 7058
1729 21333 7352
26505 41859 447
1142 15111 9232
38158 36636 7242
9154 46427 4959
2936 29988 8617
15753 483 9485
30854 32966 5449
22507 31239 2869
8758 35207 8115
15162 9965 5630
10745 42635 4214
42524 41088 875
49341 45029 7601
23121 38220 6090
28672 28950 3944
49090 7675 9935
15695 40013 4200
7528 2035 6561
18259 4512 2716
38953 9259 1859
24746 28408 1002
19624 11464 7986
42674 32040 5056
12067 21956 8997
28827 26870 6297
22591 5995 5677
15013 1997 5773
33896 9613 9102
22284 2284 5310
31539 3875 6410
3797 43463 956
31913 27051 543
32554 34985 3921
37962 41150 722
15449 31482 770
38352 16348 170
699 13131 3594
32540 38866 7824
26798 28478 2345
27377 30103 4859
41419 21055 9224
30873 14639 1167
1337 11011 6002
41073 47977 7485
28367 2309 223
7948 12702 1428
26048 6185 2248
33372 8845 4083
34726 13377 5590
46685 5107 104
20931 42526 9094
19175 2489 8247
4124 41105 116
45792 6991 4180
652 38726 3436
7836 42219 4506
371 20962 5933
46506 31514 6718
43111 26337 2290
41613 29794 5447
42010 10885 110
7842 23870 4956
46066 14244 2732
28465 44404 6956
17548 25554 3038
14937 24225 828
9796 16178 9566
44219 35698 3662
38321 15379 8211
25597 10904 4058
43621 1712 2461
36642 47888 3267
18574 17632 7481
37927 34912 1990
46843 42355 7845
22672 46041 1166
30296 21616 5014
28672 45552 3703
19670 33041 1930
9933 13592 7074
25786 36449 3432
9679 24679 6874
45035 2773 6581
11355 23815 4469
19893 45641 6520
44012 13824 1333
17564 16033 2842
16486 46512 9502
17812 26043 6810
13317 25532 9144
33546 44626 2551
45866 48263 5618
38290 26394 7942
2473 44685 8604
45428 29036 4983
30717 33735 4490
7626 18786 3976
6289 1814 9936
25882 43173 1473
22991 46699 3797
12020 43868 529
21768 31898 7061
36890 12957 7150
34040 4178 3600
33443 28520 374
39211 20484 6104
35281 11184 7468
49550 3650 227
7780 21932 1038
30195 44123 3660
34960 20096 563
37236 14374 9215
12998 49283 6072
2812 28225 3764
26159 6797 7018
30991 1106 8539
38376 23849 9116
44231 3865 9421
10086 38566 4271
36344 48113 7133
38422 24453 6355
31082 14959 6080
35039 7040 2786
45477 18527 97
30108 31856 4582
18112 44146 4364
3477 31676 65
7454 17688 5564
13964 10993 1482
36594 11913 7336
19768 15706 6135
25403 39493 8843
21699 22691 6323
4157 33633 5497
41658 6844 890
37114 15025 4659
5972 24296 8851
11028 47146 7681
2089 36159 8242
49013 6102 6404
3742 26692 2338
27989 46407 7016
3303 3508 5007
4131 23718 6254
34224 47411 9817
17156 14544 3052
2032 33576 4753
1767 16458 9626
26317 18013 6805
2355 42304 4442
46616 37599 7320
18575 41186 9277
14007 26199 4100
39333 10403 2465
16843 33553 4848
48358 2931 6288
34237 44191 2954
49303 20877 2032
19384 48191 5091
558 47776 8987
12351 34107 7470
2699 296 6892
40102 32788 1490
27905 21651 9875
12715 36718 7349
35397 24070 7115
38352 37762 8721
28141 1757 7517
31909 809 1398
8642 43294 5173
38102 11978 6828
13483 8829 3655
46862 46130 750
22084 11206 5668
31567 33247 3222
45746 15129 6500
30458 17816 3505
40605 18625 5082
35492 5176 8786
30497 28194 9862
46874 14050 9719
32076 5794 7179
33330 33795 3020
28647 47207 4566
36338 28887 4552
26072 1014 2202
16119 16804 2715
20625 46014 7554
34308 14554 3548
31261 24751 9992
27567 41186 2052
1202 2651 5496
38149 36383 2653
3854 5476 6973
38956 3646 7162
37288 25462 3809
29875 27965 156
35006 49974 2220
39785 33609 5064
23836 8399 7611
17793 43241 610
44313 46492 1
5374 44681 4596
511 40414 434
23927 30994 9044
31113 16616 6675
18948 6034 5435
35317 8266 6391
42289 6197 370
29775 5117 8467
16386 35648 9503
1170 32058 2508
31095 19793 140
25036 22457 1048
964 25437 9929
1128 24051 8717
11296 31490 9675
35197 20073 1691
155 5760 9456
3792 35366 6635
12298 40723 1521
27418 8809 8303
7696 13778 3656
44520 2699 2330
26131 44027 9965
43955 39139 4990
49736 6663 4695
4438 38972 5131
3976 29040 365
27378 44915 7096
842 22158 4606
49974 22140 1029
1254 28228 3867
49125 9542 7388
43139 18381 3761
44347 34235 8186
16535 18713 1888
37816 17698 7461
44311 40395 5727
24784 11990 9099
33158 38444 8826
13764 45012 35
46419 43903 3989
4693 34837 7368
40227 28637 2998
8287 24581 1247
17564 32388 1478
9626 43279 2615
3066 12961 2074
35342 19283 187
36406 43126 9276
5283 34758 7822
47976 49814 7231
40939 22848 2426
23093 13219 6224
27885 2376 6097
45073 23683 4352
29771 33687 8114
15003 7217 7016
6441 41250 9314
42715 11875 3315
2851 13947 9439
3998 17772 6045
29535 20183 231
35055 18492 629
27434 11272 9797
11223 22073 2079
8929 11375 3126
45127 15965 1415
2702 32011 7536
41859 47067 2769
12176 36756 3229
33124 10131 3169
12400 23598 2584
36423 48417 6984
16255 8148 1878
9426 1513 4337
44287 45566 1440
42037 4031 467
47259 5807 1195
26141 35565 6591
20422 11678 3091
46301 11807 7896
8816 17091 7618
15930 45189 8441
14362 15638 7941
28506 31852 4292
482 8461 4198
1973 7165 1082
44511 19489 9346
7111 30943 8205
483 2300 9730
30988 37810 1105
24846 30971 8955
976 2099 8457
12110 24490 6956
20781 26918 4231
28019 6779 5574
16045 20914 7541
45719 34655 802
36159 18654 8794
2177 48700 4372
49791 32423 3995
2459 4066 5602
49933 26391 5980
33030 7638 8876
30637 31979 4363
24295 13530 7712
20078 46073 1564
10665 10035 3008
21954 44588 847
20785 11214 9966
9781 7554 7937
4040 42381 5262
19914 18185 2691
34799 44455 8527
12168 15363 7141
49979 30925 8319
14009 11323 6002
23848 22636 8270
45430 23837 6203
2469 11518 3351
38173 27529 2963
4246 49443 5354
15581 16428 2678
24809 1346 7554
3727 23815 4927
15252 41716 2539
34265 2590 3061
45177 22085 2217
29163 42937 2133
18224 19688 2535
13456 8758 7190
8435 4377 5572
15398 19098 6567
49531 20601 2904
27003 48626 3013
43039 7517 8095
27705 5917 9551
34313 47307 2884
44973 29862 5958
15076 33236 38
37622 25314 9874
41981 40916 9897
3533 1716 1076
190 15928 8955
16526 1417 27
46236 33213 4583
25490 24550 8077
2269 49467 7004
42126 2110 4416
7429 25090 645
8074 45465 8027
2102 45611 6038
41945 10877 2579
47074 42703 1492
33036 6579 7721
40052 31727 6270
20079 2584 6088
465 23455 226
43936 23133 9272
20906 11224 1562
37790 41869 1428
40771 2363 5772
30175 24848 9882
17318 7061 3233
15943 8324 4547
39649 18738 4367
31112 33385 5561
21298 33530 4602
25200 21759 8472
4272 29643 8333
10283 15219 5997
48279 10928 8483
41694 48179 5595
18078 28946 879
44265 11205 2706
15375 39522 696
7574 31913 8218
20808 23747 8565
15458 2708 7731
39727 27757 7848
3445 35492 969
17057 41282 5446
24202 38521 315
8523 3999 5920
43618 34045 2414
47617 9918 4075
30791 43426 9138
33491 27855 3933
26275 1952 2091
24706 44917 4695
18642 27253 4136
29870 44965 4030
25188 16264 7372
43292 39231 9468
25516 29406 7405
25401 32708 5933
47969 43233 3380
