300000 100000 1000
98615 21495 2558
187325 1845 8746
276136 10425 6332
164527 97483 7843
286324 11795 1750
84500 83551 8466
154948 85073 884
267640 38993 4662
268057 76687 2777
40746 54265 3425
258616 99293 7053
58108 15477 5971
18176 45009 9658
139155 11740 2480
1383 52185 713
168127 56453 4303
160344 73318 8716
85135 404 3199
154864 11005 2379
20192 68970 4450
244 63957 4569
16899 38367 3372
122461 35006 8243
213069 19205 9153
69070 79598 8827
73739 83868 6325
55843 52893 1167
149874 99292 5007
266967 63902 1150
126177 23658 4832
50398 29775 6290
201590 63451 8624
23186 13325 6149
233570 47068 1582
170763 81471 4968
136054 66736 1746
252200 27588 1607
198608 24344 1235
7733 26360 9119
55489 87449 5301
218148 37298 8187
236421 91632 9741
276858 78690 8935
38153 62625 1798
212099 47167 5721
188816 82818 1056
23587 32448 924
271365 48183 5243
263621 51899 146
190758 89228 9666
20555 21748 3456
14712 5528 1964
45127 48922 9810
250755 4144 6977
21351 73231 6574
18126 64921 1143
277404 13131 4052
227899 84941 3843
182718 17244 4073
4990 1822 4234
154096 67480 1855
181285 73951 6892
151476 94237 4048
15962 7728 506
197899 23144 5505
219189 56909 6390
50578 75793 6657
180983 37326 1528
181714 51226 651
73372 33628 9012
209615 36241 5116
58369 92552 1145
284422 19720 6193
25753 4039 3548
116750 58544 3118
286803 45190 6311
267190 18201 8027
209299 86207 5260
279390 80403 4263
158601 83744 4983
134586 43678 4299
107491 77028 8896
8278 15586 7099
145607 85586 6764
172257 22057 6402
14680 67645 581
90020 94532 7856
158112 94961 7247
93076 16857 5760
37686 10510 5168
277659 5313 2312
197462 36213 6225
204353 11388 1776
190276 47155 1407
245936 52244 1647
54951 11729 1613
285095 11413 9464
38213 32434 3488
267003 6613 3127
277754 15446 1611
293532 6187 2007
149987 27662 3725
34391 6079 9575
139866 3370 6817
186184 4327 3272
274724 70079 222
7672 93605 51
140203 79190 4975
272605 42931 369
128153 40650 8858
37976 188 2601
33504 89861 5224
77055 55784 2507
265788 43608 7379
241641 71150 8282
235937 84226 9736
197113 79113 5803
204015 14321 4194
273850 87722 3226
254450 90978 2977
86528 29362 7327
70157 8802 4951
187510 63573 6844
217294 11544 310
190056 53598 8469
218496 83516 1472
171464 30187 6741
108108 52805 1312
257391 46567 8130
163175 44677 3664
245127 91997 3702
167412 94328 9372
44740 18111 1332
128047 19549 6960
287414 82881 1090
234359 51841 5223
275952 83547 3084
258287 58226 8278
258757 35621 4032
24372 56361 1684
81041 19210 1031
182482 70783 3462
276989 90964 2739
145597 77005 8533
259510 55984 7742
247607 38665 1185
241592 94578 4617
74771 81812 5721
121591 57477 1841
90650 19643 2571
131553 96999 1499
225746 23243 861
145965 79826 937
235743 24799 544
108503 1767 9414
127923 14544 5643
196832 93371 1269
101492 84716 9519
251844 30015 4847
105915 83009 2749
88287 12410 7539
195803 55040 997
201252 24685 3088
76383 25908 6132
189203 14758 16
36469 31978 2618
251159 91375 3645
179538 30484 2324
209370 9812 2318
12336 30101 9577
65455 96337 738
25207 94695 959
121134 88846 5247
174827 56911 7981
48629 63243 6042
57327 3758 3759
135347 39364 4864
123666 65462 8047
101145 25412 1325
112473 12289 4598
44056 65256 4739
107168 4252 7276
232031 83803 7318
156861 71514 9281
144632 56139 3314
265528 1383 1388
10313 92634 6160
47301 71868 5909
253790 82952 6338
64063 72024 6275
35006 8028 3143
197635 92693 4346
261971 50694 1438
205689 19785 1051
151463 2075 4647
36750 25086 9439
84059 83297 156
254425 59235 9266
258109 50574 1944
280534 19803 2953
161768 78342 7331
285327 53046 5148
169744 74560 158
125011 95526 6129
145074 59909 807
166636 57749 7419
17806 26661 6119
172535 73283 4340
111492 5315 854
239687 83460 7408
290719 36463 2386
90769 67239 3870
195660 62615 9744
104398 66777 1878
211832 49737 3151
35713 69733 4358
26169 54819 2239
59434 15293 1348
100949 33856 9905
162896 89935 876
147730 58132 350
54116 91126 2579
74422 32078 3253
151630 22727 6095
227105 65587 7286
40271 68526 2227
261613 79293 163
187319 39791 3396
24569 75401 10000
826 41109 7330
23889 52471 6529
36214 81495 6645
11973 2420 3099
210784 41717 3184
224288 31605 4543
224786 18087 3373
79415 21135 4323
165450 96982 1643
6582 64218 2998
55054 7550 54
204482 49834 6732
3377 88543 4640
51566 14004 4934
237504 16008 9604
159826 55330 8962
49113 54047 621
232159 93636 4896
109580 64089 3927
93657 90493 3671
44091 62752 9579
193450 71861 3473
124322 9230 1564
33010 92734 7711
138490 29703 397
81863 29920 423
18856 42842 4934
243970 84403 3324
120323 54771 8454
61611 97852 6571
235159 91550 9176
5256 4972 5093
146817 31752 9966
22098 89841 8314
225084 84217 2476
152707 26748 8562
257549 3853 2817
240411 43284 9100
219442 33564 7848
64087 91756 3701
207956 13369 7601
290558 43532 6288
117648 27429 2355
103149 33760 8186
59645 6043 6202
30908 96909 7853
134653 96788 763
209634 23661 9385
64641 60950 8201
16106 28766 3470
120802 29865 5302
274678 60486 2301
8058 63728 2115
217210 79175 8425
7318 11559 4426
37897 41830 1827
47821 47082 419
10576 61268 423
34311 78538 3951
153598 64396 3266
121743 29870 3947
205536 94811 3854
206572 40411 6613
158007 25312 9958
248012 71111 4990
130741 76010 5282
282525 77688 8367
194438 51771 9704
245553 50229 5809
98336 2215 4585
14435 82915 5737
108697 60065 8124
292026 42622 6022
27067 40306 6902
46360 13562 5218
87642 45277 6621
252763 35051 340
294413 94684 1008
295564 40224 1703
91086 44757 622
210514 8642 9203
175300 77317 1766
74839 87503 1609
19406 24939 9081
285070 21369 2373
240171 15963 4274
230261 22991 9692
117883 63008 1496
65855 54772 9099
51634 11200 8053
214768 71885 4665
55508 98837 7283
159710 43379 9074
215224 95301 4122
206036 37390 6958
226124 91817 8727
11395 71795 8886
199307 58662 1021
213907 57722 9357
46208 75502 3112
272756 70109 5338
177744 91639 5226
62152 58282 1911
193517 48939 1983
161755 27879 5884
70825 32721 250
108785 40090 3372
26118 30645 7069
22562 7440 4015
222479 68469 1483
237389 73240 8899
26522 92779 1209
20952 77742 5591
186414 31562 2636
40375 91831 7564
151208 51592 4341
97564 36131 8893
149638 94530 1016
269343 81028 5824
170559 38560 73
28827 10268 6538
2011 80629 3682
205108 28418 2899
49971 25199 2231
280864 82117 1152
125457 44694 1688
82855 98056 7489
131644 77207 7676
265549 3201 1977
82465 81406 6877
127790 11840 7565
293131 96300 9037
252395 73929 5890
82890 53853 4375
153216 82499 2037
70626 57584 3327
92743 69833 1576
117358 12654 6727
187507 62261 5433
21409 4674 4231
37527 66310 1057
70418 85877 125
153756 38284 7712
69559 3843 1378
5423 25624 874
37172 72253 7813
278310 75070 385
232272 38608 9040
81917 15965 14
1584 59451 4197
79469 71718 3432
258004 32989 9229
230557 98691 188
60585 20263 4571
56268 25340 8665
175300 35618 9479
10129 25186 5440
266525 19562 6185
84866 88576 8642
235881 43213 6353
8302 60415 7053
178354 43545 5396
158156 54694 8366
102303 77092 4025
350 26757 4421
166504 83658 6719
274487 78403 6807
214376 89902 7974
80861 37730 5849
12915 47640 8881
206937 65888 9652
173645 59273 4845
203498 41548 1577
3123 65544 1230
82588 58927 6965
248164 1805 4809
180917 88861 396
4663 15723 4918
226495 55380 9403
43310 68764 7608
105708 90850 6684
214595 39373 4257
233180 31547 1452
91416 31039 867
109493 12677 1724
219947 51283 1211
170868 57357 5396
155654 59864 2675
266169 80290 1471
227463 19257 3987
297887 58219 1877
248412 29546 3351
157168 58182 8043
76159 60727 2118
75119 28030 9006
56634 96032 8841
256233 93758 4948
50791 80941 7831
211155 86420 8804
202276 89005 3583
79568 21012 3325
216211 6028 5503
26682 82194 2457
293488 21357 2693
15296 14809 1286
213084 42367 300
19075 92313 1217
96289 43887 8927
198824 38170 6107
264167 44641 2976
15794 83560 9875
272626 86448 3245
265015 91739 1411
171346 11204 7153
238716 1669 1654
269677 30439 43
201298 17676 1250
171084 46086 2073
252291 25527 8025
33498 28936 356
49995 70028 2185
13611 40076 9784
111356 77331 9319
170478 7503 5266
41974 9432 8574
239608 26231 1449
229543 42952 7924
270147 25565 371
96333 63050 2574
33515 85356 8546
85474 42686 7918
136585 94617 1142
28188 81221 3257
40915 23648 5526
214851 60168 4228
97458 31632 6754
269656 86922 1500
64436 66587 8697
3381 737 7521
12746 79386 1595
140876 54281 8487
80152 95960 2647
84168 65140 5993
95002 70363 1030
34093 57680 5046
195994 53725 6250
199847 73877 9224
106970 56599 7249
151864 13091 8099
158849 28087 3284
281417 22698 3941
73225 11278 4637
56494 22650 9240
184684 1687 7822
144531 68479 9388
271818 70287 7622
218264 49249 3742
70310 50378 6240
2981 34936 6873
255942 34897 2665
294361 198 506
33600 21241 9614
268797 46587 5040
15146 16244 8028
23875 74524 2519
151504 61625 4837
40266 93386 1968
140051 65098 4915
93009 39779 7250
253 26194 848
239844 30993 9773
227167 25826 3250
225765 10663 5130
152237 48224 2326
267427 33845 3488
237885 27593 1168
20184 16486 4826
252420 46242 7073
51512 45690 5584
49863 89700 4013
130089 44436 313
11840 75748 2975
71793 72630 7121
128072 26195 3810
256036 74718 2299
165339 59042 1532
69748 4732 70
143051 64141 9677
213192 95597 8759
264937 20295 61
15668 89254 9099
275961 63515 3937
276319 75486 2684
134892 2862 498
68810 13405 790
172788 33336 6039
220088 11579 236
72422 70257 9273
165638 94355 5485
143625 6540 3055
233112 50953 8092
19065 84861 7801
108049 92749 6277
77608 96365 5296
213556 10192 328
215280 95744 33
254644 8706 9882
110428 10058 7547
59035 3202 606
64324 25131 9403
65962 45056 5847
137114 90369 3977
277542 55513 7574
28655 15605 5313
180268 75201 6597
100443 30352 7600
150617 52773 8440
7832 42450 3827
272536 9756 1918
260130 73643 9041
232808 23898 8454
218713 59159 3240
98106 82346 3175
279161 23480 231
18042 7455 2397
234869 18474 5835
154324 95790 4176
127129 35760 6558
194588 92035 5249
165139 80389 9759
18788 3947 9528
236329 66209 6427
171760 5887 7237
50810 10060 4387
247804 17135 2029
21174 69095 5090
74821 45298 4477
78429 80720 2607
269896 63308 900
183037 67461 4858
55347 40239 1185
220922 37902 7559
88380 66446 2564
161283 42323 5615
45200 4656 3429
144668 98850 5291
82772 93171 8167
219114 69046 6210
295698 70412 6677
264995 75706 5431
4692 93993 7177
16094 65217 1447
36305 96036 2822
17443 16711 9882
147284 8964 4791
116335 18646 5897
109414 12620 2996
203887 46187 4570
51508 57464 4749
58306 62001 5516
173836 786 8534
191310 2325 9892
32448 88787 3828
43270 21225 9370
57661 95997 5080
155303 95732 3887
230328 59499 730
49446 34275 9990
262313 76557 1660
253875 19966 7888
171893 25193 5074
159424 16830 4281
291139 51501 4199
89720 79671 6766
18940 34641 9347
286505 79060 1541
193898 78255 3788
117200 79336 9753
45561 1337 8161
294213 57730 1522
9314 1756 7330
237245 17869 5935
69286 86058 5745
299796 39832 9680
228934 43627 7178
4148 49982 667
291271 91259 4899
133039 62262 6078
11432 83689 5713
17136 12312 6546
120670 14075 2315
166649 49911 6820
297018 9303 7186
286375 78797 9689
76256 2989 7978
32156 43012 2121
156835 53986 961
110715 40123 1523
283705 43197 3608
144269 28458 6836
110857 46763 8167
175061 29544 9744
150953 35442 4035
158378 47176 8347
180884 5763 1876
18594 2821 2382
117342 60879 3869
77120 35066 4456
107921 82916 4366
90556 3790 650
230198 75838 4304
136717 34375 1842
71507 29479 2569
33407 72696 1892
279815 27753 9233
24230 67452 5281
19105 57497 8567
15893 74553 7722
295543 21804 5688
114021 80619 2243
270120 45091 4673
202034 63888 7863
229420 65431 3503
149773 69933 3127
208547 70489 1215
15580 9229 9518
241869 41159 2890
246491 8352 5571
293106 47955 9900
219063 19775 2845
99029 75608 9503
193549 28521 1320
147239 44586 4007
216349 81614 8543
202931 63590 7917
10848 92139 6632
278599 77834 4061
158112 36660 5201
157786 79174 7596
124900 15887 8064
143530 38106 6043
201752 8963 8479
126312 39631 4415
129805 32285 7507
153635 52322 2380
4282 45837 5641
165180 56541 9708
227217 47613 4052
152226 71589 9727
278602 20845 7759
118707 5847 7449
63196 37506 3571
138849 11986 8809
165528 68426 2993
162260 86168 1052
17809 45704 2104
197840 4787 8424
69783 69024 5392
153840 46685 1884
17007 73866 1590
273236 72687 9082
26686 88151 3533
80132 39357 9195
77311 34880 191
65356 81376 845
67000 21656 352
25009 5343 2978
276257 55817 4192
123934 8107 3421
19543 97009 2938
160734 6570 9087
293902 41137 5305
287187 41485 3860
84187 10861 7975
36564 76444 1917
12896 61349 9427
125172 46758 4273
53485 3069 6153
206266 81227 414
162355 88935 8064
49169 53361 1717
90593 50017 1810
82360 29488 9829
43480 25061 4800
191948 38221 6277
23336 11890 9407
88446 14911 3696
38334 12159 1348
192077 17237 3038
10973 660 2799
35433 29206 2628
288941 83726 8146
88271 42904 8773
290329 3211 2015
182002 26506 1764
63337 32135 8263
40403 24886 8353
175512 37250 5803
39716 12418 8303
23458 77400 1876
219018 31429 15
263753 66560 8318
74280 84868 9137
154404 23331 9800
113397 40401 109
259029 66492 4574
234327 55657 6127
85555 57141 2966
218525 20087 1444
196353 12040 6949
48222 74700 3630
3255 39635 1930
125907 7185 6277
206323 50853 1175
245881 22113 5401
231435 85876 3445
10277 91622 6470
260434 42397 966
97870 77584 4851
15870 40606 4905
28091 22357 7638
178965 98967 6083
220412 12968 3567
9051 50853 7641
10989 70166 5898
275240 81035 5943
8191 81905 9470
101317 36677 2309
104796 93083 3678
8626 21234 2912
274780 11092 3605
196483 77970 8801
165864 49966 3773
88299 75959 9562
14633 88869 3477
124154 2793 1174
237157 80672 3456
290078 75287 2544
268706 30917 4048
85169 87018 902
175851 20102 7994
161640 9079 7225
138478 7853 661
27743 58408 4112
114502 35778 1078
249067 28099 9731
23738 1325 3847
51333 27156 2113
40678 15370 2352
250975 81099 156
143878 66593 9087
41708 57217 3141
151800 37325 5333
282968 50641 5043
130464 69999 4481
251008 64197 8676
129947 79495 5956
185194 51718 8675
117990 71023 2818
280755 58575 3028
220170 5582 8088
219657 19906 5824
50313 10492 648
223180 34916 7830
38863 49610 2137
171808 88179 9191
51594 63661 5482
166721 77032 3061
296216 55196 6913
191191 71331 8352
173254 64204 3245
58856 1270 6894
260052 60500 5404
12420 5298 4231
203077 15628 2627
238877 94600 7752
208465 35916 1558
28142 46531 2808
215837 41153 3416
98882 78355 7656
200225 1881 9618
132197 35519 5039
8404 94419 8598
161866 82421 5754
212572 1906 5173
215026 7078 6623
285666 53629 1913
86755 95855 2752
80126 36733 6373
19874 86807 8033
60298 6800 354
36511 60711 1991
255260 55870 587
199159 92226 9991
219998 554 8909
67537 52161 6903
192767 7049 6786
123622 29697 4641
61541 2860 6891
96928 90665 6782
255007 19785 6601
25853 23645 8773
49 42713 8481
26747 61476 4406
135621 60665 9680
164211 47449 3654
207345 99646 4868
258679 47575 7256
298114 59045 1635
258381 57477 440
255199 81416 9232
219163 21650 7829
221574 35143 2528
93398 68386 2289
283928 55797 8198
162681 28690 5428
286968 92014 7577
231868 51377 2372
258063 58712 4264
110340 14560 3022
44537 54748 7907
86115 21593 2334
88068 21240 8969
278774 33239 3558
35537 35909 2539
7956 46326 329
104278 49998 5729
147140 87926 6160
159099 11925 6100
53925 74710 7085
246407 58252 9112
15281 15615 7852
198369 1668 1741
243644 26917 5719
53104 91484 4589
80241 20071 4550
293381 96740 1612
229816 1307 1029
150310 24406 7391
45928 75545 3187
75731 12065 1404
13605 37452 2629
19586 29258 7161
199753 32927 4775
11485 82820 213
204192 76758 3391
152445 45028 8056
66211 18012 1526
144327 18202 6539
99881 51502 6245
215194 31246 1587
210939 55992 4173
40929 61025 2064
259358 1322 5877
227808 88131 7907
272335 27587 962
208585 10996 9753
28124 46025 7963
5237 59251 3111
170922 25671 4746
8962 86172 3933
295906 25517 120
299069 97556 1633
158253 13558 9652
264253 67440 3468
294789 73957 9415
254911 64437 165
198821 95159 2409
3572 75454 728
76051 90895 3900
224344 90349 8167
243017 27086 128
210838 33999 4580
47219 29929 3965
201642 57937 3459
285150 66641 8238
21526 79571 1497
100464 73869 6143
287479 3862 993
175535 53466 8379
177748 21564 8348
118419 48298 6577
202651 97966 7992
148156 34095 2698
114460 23647 1464
115546 73303 4784
164022 63162 4721
274630 70828 8060
276897 47810 4851
245412 13901 8830
166405 26998 8872
217237 43047 31
31037 35355 2809
282087 38176 8329
49597 19754 2672
247194 30896 6192
225170 7016 8635
166035 51478 8102
239834 81842 4070
174217 12371 4431
17335 63481 5756
201422 80982 280
162623 73279 5725
32277 87275 5166
191735 49675 4862
198077 38162 4126
227789 35044 3638
266063 59189 3906
176901 1950 6809
198742 20199 6209
147309 57309 3928
149667 72800 8942
58942 90865 7868
163554 165 954
274895 70462 4069
234700 50220 8549
88263 49850 7344
67969 72447 4360
75258 15627 3998
222685 50875 5226
270293 2700 7609
184159 52462 7868
190690 25236 6065
153117 50936 2385
173173 9179 725
102380 62751 766
250530 11479 1734
237059 52625 2987
127543 88744 8688
276305 3776 6146
90385 61708 8849
238460 56906 3970
135776 92671 910
110272 67170 9180
82012 59302 8831
173147 14490 3969
113579 35150 6796
4302 60741 6806
107327 24484 9341
203982 31223 1341
287781 74820 6357
145297 96477 7443
120338 95664 9842
106703 868 6966
63471 27990 3237
214312 55835 3162
269690 22601 9444
180510 318 2317
250591 51600 3089
217055 23201 5149
125967 54155 5069
250444 87551 760
33557 12960 7437
199401 57913 3183
244682 69184 224
275332 6458 9257
78956 20375 1168
88660 89242 9720
69091 23115 7370
210601 624 8878
189213 63909 5719
55086 45433 5770
125256 38557 3019
96020 97726 4370
279841 4711 5748
217944 70419 1246
159571 97481 702
79550 2775 3906
244857 33825 7193
258627 53089 2421
36150 5729 9546
