500000 500000 1000
180741 213338 50623
21740 344913 21172
152791 184708 95221
123630 355708 34465
397621 5757 3987
198831 162041 58353
451609 279210 47552
90243 414498 34733
206901 157510 57675
322068 167485 53733
94697 365136 31527
354726 301333 10462
71383 266173 53539
107535 245503 93907
499829 331672 92092
65993 146713 20775
471023 89363 50959
67382 279585 63868
40836 339946 15434
241931 386172 70700
13352 34324 47038
394333 132810 35384
409296 135583 92485
326645 270300 65630
241326 133374 42835
8533 324123 43995
492643 233625 56592
294813 153119 39369
387658 322396 48797
284720 27796 44373
391195 484901 48505
286381 357453 14798
332736 13379 31972
390095 188632 21175
53195 47724 43053
450421 196679 57502
282762 169364 96115
287734 121141 16114
304895 291689 4935
58026 197506 6073
135651 357677 94943
273028 200980 75880
387699 56602 29669
366666 230546 13846
329560 198243 95632
381119 448955 80094
273450 230416 69680
286863 223741 61893
338751 99165 76494
121626 163715 573
493589 443103 55496
347233 267306 10503
346149 164758 5108
49833 157473 45058
158538 220236 20959
10280 218278 57199
377889 114817 91435
68026 133331 75562
142127 92954 44607
481562 104177 32196
80056 324010 26452
352223 261288 87634
304287 345192 30403
483805 387018 87669
258964 463242 54912
422571 178666 20976
223854 329878 19161
90135 161268 26274
61039 395195 38831
2689 22118 7894
317560 39791 23697
142574 4821 50754
152285 46871 12916
177018 418546 32029
92056 90075 83131
217251 346338 7692
337317 420775 33340
171421 215669 72759
498509 116749 73629
45570 381305 14681
12245 74990 41595
185449 368997 79463
81683 209246 9374
61033 400184 60753
3069 414961 86454
424367 157253 23712
124189 167332 57619
475386 141815 212
52877 340217 52985
188905 173972 94564
484747 57582 97102
176687 52963 85770
89555 240460 14577
346412 8048 65720
315273 164260 98710
40719 233221 40255
489781 87082 86516
412656 177350 20950
114421 70635 77394
323987 140195 56316
120319 233588 84891
322001 98020 64300
49414 87403 97925
63109 153384 4096
13192 344909 55790
321797 423528 22615
180414 152336 93835
153936 19764 92894
73459 126986 15959
9808 50700 53961
309124 489985 71501
434322 155173 46550
142423 111729 68995
40921 451616 27666
228191 173791 75109
220143 474667 94877
443991 402576 12549
235615 340310 12284
377354 74742 3491
196525 348649 37251
96448 121044 91433
19785 129739 23402
137365 203067 25294
472205 69270 43854
217426 276646 90328
154945 367406 76504
428615 401023 5470
380274 152481 34434
36310 112875 71035
203715 93223 15632
394475 14353 69500
306522 334979 68780
140353 195486 22807
156901 35408 70488
401486 182092 22364
260074 116275 72689
200857 308433 92258
57798 251465 29178
60387 305567 32939
24154 126761 88887
172447 152688 17287
337197 69910 83981
368502 98124 20317
480879 79935 12981
153892 91859 65355
187778 323949 96792
330779 107775 79928
478412 124300 70084
34417 424983 15167
160063 112920 39167
104182 436349 67247
150485 421757 1632
15503 150043 96910
3433 171255 310
5087 160686 15520
116046 157828 86965
275724 55484 57553
39883 75016 23161
340296 224484 6108
287095 474363 28259
48712 410074 44441
396340 18502 15943
117063 298524 22004
153240 160285 40386
317093 22009 21400
8134 328634 27345
360931 400266 48085
492117 97486 62881
10967 389047 19295
65233 246683 49193
201510 243276 75287
101628 71001 38767
22010 477988 75153
267446 4663 7998
39244 86292 16229
457630 201953 89229
213544 137654 91956
218020 327465 16276
49369 99057 55095
93500 144336 12911
193923 301256 53607
428962 67940 58408
211795 445456 5401
310034 222666 75218
496938 390504 1121
151097 230007 22866
369537 173412 93411
172889 288039 41570
200078 470542 24561
34979 253145 7886
452346 37680 57240
200154 285889 61637
60067 192404 50443
113415 473864 63349
183349 420527 54320
491779 68838 38509
32768 85348 66565
483429 298756 32913
21187 370246 95173
232463 62390 76821
74642 452108 20324
490814 206273 5336
208409 68430 68375
58921 347348 99325
326692 449076 28401
107192 225113 49517
429488 204079 17786
495641 209528 25475
398126 298379 74822
80148 440691 70207
206331 143907 32604
133908 52877 33056
3846 62422 65544
50929 72882 29507
130544 364583 61710
189223 96705 22786
264896 127788 7143
298432 448821 77129
324810 121217 55373
47452 316777 6786
198468 124242 40711
328334 340872 37044
61094 367025 53031
390915 210288 7898
145259 30626 49587
86224 227651 7007
91375 148650 99113
60861 55962 71374
97026 427701 67933
230305 75111 71734
400627 382327 43376
216654 278981 77846
228375 400422 67234
264610 35325 65560
12574 92089 52657
183843 11170 23238
28368 368938 25911
50685 59840 45933
226260 103446 31626
37464 250985 73582
278465 448775 43902
143043 320646 26402
309465 446665 42540
481923 59159 14641
199224 54906 12181
191551 98829 43901
322214 461222 30730
253103 229914 4483
371806 164792 76522
207284 408837 24877
35543 214565 97648
230103 356716 84323
162217 29951 54783
143500 481664 38252
133138 68481 32079
352982 100877 9592
489872 250935 34057
309319 260541 84620
215667 335297 98070
94009 349152 26627
102087 245288 62122
387056 105243 52343
475786 324465 47409
142034 473004 42792
454309 438295 53029
111457 457378 34168
472038 432016 12647
422158 160779 74819
304495 58598 95892
487502 346551 97702
459644 143097 28824
270526 113763 49266
78048 435049 87833
205644 80751 23918
338714 61927 66016
47894 344515 11992
169199 118291 24906
82946 103855 44107
220457 301314 42064
444327 259901 78826
64591 13819 68081
268075 136623 90150
376810 288785 67904
345219 433775 89985
181317 329565 38516
101670 207594 54007
314367 27665 41695
257916 445104 63781
8209 191153 33874
194241 274430 9342
190478 90647 21346
9810 57238 4414
421081 290844 5562
212278 441733 91479
362711 185132 63219
189915 366829 89644
405198 490131 77195
97996 440062 67714
488989 306341 782
167485 165288 41145
257286 94649 85415
213198 423565 899
78277 99585 60942
238353 432289 32889
50296 79169 653
13165 449209 66271
8865 142534 20801
452589 382668 6446
128360 200099 63318
159721 45358 90991
225619 373851 8574
42841 427595 88309
192625 325506 62670
92063 430301 38346
47833 112007 19714
281353 88631 69129
362054 496149 18232
258422 240995 92676
328338 487399 45592
322274 32407 84025
94287 382894 16781
131252 271256 93272
121279 104411 32379
54218 291044 75247
219707 49553 52493
365030 390933 40512
286061 86236 51379
314147 267065 97152
78529 82842 38714
19881 335775 52807
107537 93987 29104
3936 273447 16871
255814 90978 11877
269082 186222 409
209226 73548 51200
436467 41548 18344
220569 308684 78148
477852 94181 85049
499207 223830 3309
77642 491721 62558
116867 75140 12671
180117 415066 7566
137132 107230 81791
196949 334182 85325
391869 370874 39154
93556 334661 23325
39594 288854 34911
485036 1798 66275
405464 134733 69218
59321 188052 27445
23699 206614 27490
195064 97398 27476
244094 314752 33959
298142 209831 26998
12105 333436 99907
437446 34124 101
459058 170106 16151
145496 431044 16894
230510 252872 5812
208439 100657 47330
264805 71548 78679
28252 272213 4177
135429 248593 80870
89534 396943 26034
209550 491292 23167
481903 453244 84158
235507 87080 3825
231492 46760 84647
142813 203282 57079
84978 30032 17936
307633 98894 63694
483934 483765 84671
41688 242313 16309
309653 35049 81367
306203 67031 63421
294909 466768 87851
484313 88565 43325
228316 124011 29230
241687 88356 25280
127701 55019 64057
331971 71166 12859
47073 34816 39696
156956 165292 65611
397562 229346 65983
175908 215072 52406
332403 7807 93285
238371 474494 90021
225606 323388 37127
428339 7270 73411
265999 225369 65884
227503 265420 54953
125321 59538 2922
437196 133684 57526
181637 208395 21012
12409 360491 79545
37798 25493 70329
103334 180509 9253
343943 203929 21959
191691 55609 23743
323183 77927 91528
199458 318797 24385
177218 180844 65166
199876 94093 56227
188719 41685 10011
56724 132401 29486
182688 477404 16041
141289 136706 54162
75004 17972 79906
175277 127015 15980
98580 456956 60446
249096 140702 51990
413337 11162 85891
144328 454428 22994
386746 241231 75550
483664 350690 30690
427033 188025 69199
159706 304465 99603
246194 370835 78179
14529 256822 54248
217902 40310 74601
269190 439452 8868
355088 101530 70044
255846 421248 98516
497706 134029 85978
190004 125026 44757
152638 208799 43932
8159 318678 24436
24640 316737 21632
28859 215441 20649
36505 41485 99410
92910 132431 76434
434196 94071 80959
55584 339528 13677
306368 248188 40354
193920 499944 22196
233077 61070 52329
59266 58168 97989
27623 159360 18204
279230 498601 82092
112548 115378 32932
117569 486802 66155
346886 315615 61386
33261 153615 15577
99839 97425 67554
489523 235534 11589
239358 25791 88874
252122 281241 2785
2727 455012 57355
203621 235671 21424
428410 330875 90469
464612 75067 21198
134357 478013 50708
450275 10555 33915
16506 445502 79544
182519 149720 96227
215431 172481 23156
122868 107194 27686
124001 452228 3536
43256 9192 42150
134724 320393 57821
208247 473359 84699
71495 273543 23956
141060 79783 130
434445 41683 27320
141227 1811 27516
211080 375718 95726
402280 26543 81449
262318 117611 58709
337210 12760 2018
90854 111866 78830
229973 22367 29261
440681 233284 93522
117440 497668 88230
456312 177460 25040
58044 454937 1359
95261 149395 78520
277599 308784 9699
269041 452016 19537
127280 136465 47394
498102 328206 71217
125831 217182 12852
302805 142811 47341
102439 188721 96924
26419 205947 63450
179995 373771 69600
203623 141327 13852
77633 195398 87402
155695 461113 85152
134395 410907 169
336336 206435 97309
302342 271556 53592
229179 177916 70176
438437 231948 7502
481087 293341 78470
157589 51392 75388
388458 3804 70704
178734 277205 8218
332606 463804 38756
149926 344466 78478
437738 13985 685
383720 258746 5678
2124 257 2841
455875 14744 24596
305938 425698 29458
272396 2041 62317
88581 81572 71915
326548 111436 40011
79376 443026 57725
14094 176923 23334
204236 187179 93146
370479 2030 83767
464129 471177 16043
455197 374631 6322
79766 142192 99219
184634 396255 69989
461210 4320 62237
180707 34584 28787
289009 455331 10824
247859 188965 10562
109400 91598 59427
202520 436133 70367
22079 3550 18860
443319 365087 57097
166880 304877 94203
360317 243532 91654
399643 132342 75934
151690 327998 52600
306516 339968 90702
375066 88329 67034
29375 152870 36170
383101 110270 29229
83175 211219 59985
342383 230104 13214
154647 335362 40611
93550 282478 22349
129191 258949 75650
90581 177479 59105
185100 461209 10405
138205 115412 4346
9353 238166 11641
223891 309944 72408
18751 292053 42701
384167 278226 96569
64997 349534 74279
230369 1318 10679
357875 277941 80181
178210 381937 64960
160717 591 52743
339790 320980 58136
74816 37201 25823
243147 494392 23585
180427 437132 30949
2771 440089 7792
85 227123 12745
108701 215581 37354
231636 42454 88293
278479 344453 58153
322840 165150 66215
21267 332120 40797
18731 401364 50372
439083 326565 69649
194335 81541 41704
175176 55957 81813
175450 101226 44342
51285 320896 88113
404604 224086 13093
184939 426579 42020
374 13285 66662
229628 203934 11520
113267 382084 13001
267870 332142 75149
195481 477038 54668
208933 298913 35325
427877 246897 56799
223701 138743 64051
190364 342406 69142
98661 422099 64130
208509 28606 25405
416756 278899 90514
473660 483564 56474
178010 69198 69977
71530 12738 26750
457719 409709 82496
479617 138154 40129
217580 255824 99677
209228 422032 86397
440574 217656 43123
410390 252949 3583
275911 191040 34499
406718 283460 90641
473273 193323 99801
95505 231985 20119
144617 240590 11244
7673 463917 49716
365295 190320 89731
182091 175714 86195
32347 116353 88056
168193 71961 72707
189342 102355 95008
2520 86821 69003
265219 200317 1973
278573 202005 52361
288905 348628 45246
363177 92032 88379
259060 384504 88138
145709 351418 6222
344982 83798 84524
252731 288179 58275
160876 471511 13444
220548 465167 89605
340990 343092 42496
165837 278481 88757
38097 345580 26128
358578 300485 10802
410274 440998 43695
107689 332294 88000
180595 27214 92703
255484 121051 4601
313243 478954 75334
299833 236500 52686
462463 149778 25600
421514 22259 1279
221837 87422 13822
71601 178289 62885
48482 400323 94195
64003 242785 82057
120305 230297 51563
15721 112600 68102
160080 44243 19162
214197 22056 13139
280483 194500 7301
334722 321221 23988
461000 334817 42474
46420 492360 37590
220976 439173 99637
24074 399220 43263
120512 313714 78069
472756 195453 34656
399314 222856 83949
279779 326741 99543
37363 337981 20338
463185 452129 71413
33367 108802 16352
222961 136133 80183
29684 386893 73980
328561 207365 2469
71063 494956 24453
88946 233522 59087
188263 225882 75298
32679 434764 30529
128139 221004 22561
22889 383668 84624
274583 75450 45530
206118 280705 507
430219 144699 92165
195149 51014 93118
122504 8954 94753
416798 73546 86677
139534 126658 32298
256615 117601 45254
228391 94143 89169
201480 103436 77255
3594 205885 68695
142918 28480 53204
161438 192060 87086
386348 249011 82627
25097 34927 56380
28982 25672 82342
143159 24984 67213
85537 164495 63988
296181 157700 32073
104909 103722 52155
215296 238777 28999
448374 80050 54131
166194 86936 62654
130418 411094 49529
494534 465420 58186
442208 316398 337
341932 64097 79442
330594 86370 72512
115684 357631 27383
91261 400409 46909
149712 186490 31090
150121 165463 87776
200450 412277 5102
11576 180759 36631
439082 481350 58179
129040 423029 16789
124333 270639 46009
3202 158235 92004
468271 101706 81770
214643 196321 26893
12394 119598 88157
58373 22477 39934
340689 9736 75192
134887 153066 33890
368818 64760 94265
130438 301783 41858
173951 151414 19439
312870 84391 32912
131458 243791 8308
13019 263085 8351
242609 418672 4230
347374 411247 86559
304563 80891 81539
224563 189379 46937
213969 468402 17167
313069 1474 54579
173983 89297 90822
167977 173114 74866
289768 187307 48038
41294 453792 89165
23049 73083 75872
347119 19065 58299
200667 29619 64824
102928 395235 64901
363016 57402 19994
121229 16710 84787
365984 51519 71768
234358 390271 59450
267517 62601 25056
472190 170323 71543
364484 414546 50651
304165 88671 88616
31663 139283 72627
50251 40382 30310
296522 221993 22189
278993 148624 10964
449629 73992 52691
411108 16386 25592
253067 253117 43629
116335 51603 94292
23134 184753 22437
333379 306684 28375
407458 235629 12663
152586 165001 42066
189335 496462 39793
171938 321152 22648
321183 32461 66184
322273 187192 6888
28992 224382 26199
80409 220271 57468
183364 161420 80041
236871 71854 68904
295413 21788 626
192485 83952 20982
344060 95428 24651
425208 72867 26491
100149 119491 25270
355162 68393 37590
276827 418732 16294
468954 125948 985
140807 162805 87990
176839 291270 44666
31881 494227 24742
80415 38121 58444
359434 191325 39302
131326 396173 41741
15777 195312 93772
113601 390925 44081
358406 63876 40500
396381 94654 15892
91159 142190 16528
269137 265665 33686
223935 402634 41922
441698 424421 90407
476323 54970 89627
144125 340377 96600
101674 12175 77811
449064 52131 47638
49423 225672 26491
416431 408327 22333
236446 6773 9360
200364 347779 62323
67871 93712 85255
269583 332317 62696
95030 186816 32060
487817 467972 60180
43908 206433 67119
239742 122333 67546
30892 252500 37282
188976 497577 11622
183360 407280 18083
83541 265556 81525
180176 191477 11237
160055 54199 22071
316155 105585 73925
243741 310878 83866
74851 168783 43873
167656 449069 15233
313734 375898 31918
267020 170646 24727
5383 129020 78062
194038 52766 63871
13256 220675 32889
297678 100974 40856
465700 39368 73295
210486 166845 54522
134339 435808 93576
9298 266336 97441
335665 387441 72404
425385 301218 16811
440517 55396 40316
391574 482088 88082
346526 98235 71334
352905 174648 29712
399489 153164 66585
97407 273372 42707
294557 23335 53049
344950 487861 32218
24107 340372 7039
180098 420033 54220
4377 297916 64017
53400 67431 61875
384716 55925 52174
8445 353969 43121
165382 16388 8283
168564 383707 79932
353610 153289 14607
27810 294916 60817
146065 207045 49572
245525 84217 92292
160312 10091 23682
442791 380464 62522
144594 99030 49350
348071 223554 948
18374 250963 57398
454612 120135 55530
146514 24568 48147
65471 157101 69945
448357 490673 27546
182662 142145 7480
177952 296056 90033
487419 83365 20667
477491 31586 83527
253556 352018 26862
326449 496475 60118
286836 169987 57118
417969 193420 31065
71333 286085 25024
45784 146894 81146
426345 64428 45222
280584 107504 60545
150002 317867 96477
70676 312328 52524
132924 302892 65614
173215 111439 40298
394737 12428 52975
241000 417587 97517
206024 423153 6299
464154 461221 13134
353239 56769 45536
116508 25814 22654
210172 48693 50104
488887 390068 89478
179060 151046 34459
8632 223858 85734
32217 459165 75763
301541 352546 39292
162020 410911 72134
123715 359765 27620
491731 152460 83345
228090 476013 60019
189163 25520 69491
158045 474808 29178
38986 342357 94712
410815 425643 47871
263110 5965 63520
208864 165738 72541
125521 479890 16982
418533 262453 39904
475573 11704 77158
419712 48661 20465
321882 142811 88257
293157 80871 54629
272592 117812 52573
435221 185875 48350
328977 134177 33447
78457 414022 44519
255973 327565 6911
149840 330409 31878
475400 379439 33540
124824 59970 83516
78239 451465 73327
333659 188910 88059
175063 203372 68592
76630 108434 47537
65826 59900 17081
157122 191664 54014
127535 421034 90910
475515 238562 97214
335601 119288 14382
75987 264688 89288
67096 294735 41362
381461 124130 47347
12829 433830 19071
72039 109941 21389
239400 212825 293
25846 283419 87891
169467 111377 86459
48378 293620 28617
179321 145852 59874
4298 23203 14607
458910 27885 3957
482983 124491 84826
289276 445148 14317
8812 361134 26542
194953 42856 87606
402347 45567 9036
326234 442843 73747
452557 444785 35063
273253 111376 87031
267078 101842 85594
197344 417477 93427
262401 38851 16667
192880 217688 90930
195959 481573 20728
169468 171818 1750
132306 499631 635
319561 480913 22357
66421 278773 11730
27624 270242 95341
344525 157113 72674
163391 166363 68736
289817 429793 18493
164233 34805 2062
223222 181380 67444
272384 404406 21417
431524 226342 38317
128297 219989 59535
230502 244592 16229
401779 222394 38239
268664 410926 34234
197725 212707 6355
79619 3240 45085
226600 372965 72118
393287 89876 60373
106891 448929 39444
43654 1412 740
327624 136156 32131
106298 135712 71556
88042 53024 56346
301717 20456 79988
152793 140805 49495
19887 438399 49962
499307 342060 41262
308994 48023 97362
86303 451923 94571
438831 235695 38467
286324 37139 31068
206070 149101 7189
372575 253532 4183
311486 228035 37350
369487 300937 83973
3288 330346 19527
38459 95336 23864
61674 237392 2882
124175 379267 28112
187739 438227 51117
252940 346800 901
229868 355223 48392
237738 430340 99321
126860 189846 23124
337378 102842 63772
77900 292828 75639
308798 274198 91850
131813 254203 8854
348267 104992 25537
99347 89599 33833
457041 142876 48966
145595 495564 608
307350 307743 53522
128294 368236 31945
53250 285221 91586
338647 384849 57506
110461 160199 87672
231384 343971 72367
478318 159135 91132
176202 100589 45418
406288 195303 45412
286082 429753 39922
451009 18154 39705
411899 293858 53266
59426 247583 89237
100159 368642 30973
273779 247515 80742
50924 365914 5668
285436 493190 93031
345611 323371 85753
482447 131588 668
460330 361038 60373
425 180534 91391
483157 101971 5581
149459 92351 76181
303298 337798 77276
92366 112141 40847
82890 179197 33693
374786 313716 60760
388253 326043 70959
136589 324542 4264
