10000000 20000000 1000
846228 281417 73595
36473 103602 28027
972136 1043708 34480
541553 650555 41229
27309 148821 98530
25928 1093777 68712
1194175 157793 50456
102640 612342 69044
1180901 852312 80025
1112909 1070360 15377
236737 483365 51884
686214 1153156 17653
551188 269645 81571
869137 440321 84368
1102365 1171417 33199
524071 255962 92775
298144 665928 81272
1142695 416127 15404
1039132 136094 37376
569221 790421 20827
780190 1103757 29580
844765 74069 9546
787862 714619 20723
648807 53164 32135
806130 894942 11166
1092189 1175295 7758
153305 431707 56468
105303 341802 83120
1020533 482575 15930
731188 177759 85932
650311 836664 96133
263170 127591 78661
1031415 1036886 3403
295570 802278 41386
942653 145448 36954
1008548 565016 69716
737735 236641 86987
1057458 589559 73430
1096714 607592 36866
607593 518645 73851
583940 261045 98175
311888 524836 19744
1197084 875499 64226
1192846 538934 3427
963228 591991 44713
264536 176075 17091
118076 735521 91264
624460 911289 88737
889669 854615 37904
19334 856119 4886
186829 313159 66477
582474 252385 2715
867392 394650 40694
721226 1232000 23135
675012 1220015 47684
1076067 1226562 34912
353364 399376 80580
11569 1232920 96672
482017 809098 55439
773139 1097468 34827
855929 466703 45310
250439 655239 13270
466879 1110350 15702
1038162 1016120 18518
184054 183942 1061
835800 928758 51305
492029 969278 81084
310189 312726 61704
116516 369309 35929
1213899 597625 96323
571901 216871 14898
495504 819727 11377
93042 188544 85770
286322 239096 57717
683330 425494 974
1093357 759524 20735
1123552 584264 43115
241943 483807 45933
1170409 389554 80636
1092584 524257 50193
23837 99684 33981
438960 724829 16392
1176898 175294 1747
181287 347779 21407
377153 701562 93217
523410 420452 39240
339804 1109045 87643
862463 975122 74918
1043084 487809 10002
639464 21548 11454
515447 332998 5573
49912 824573 75391
860878 618866 88159
148 992007 78374
284954 734515 65013
231746 644168 31949
662781 314210 1776
1066373 989115 37489
596463 754324 98077
872727 491839 97412
988145 247469 13182
369157 331010 76697
547449 623078 94452
1129066 758288 25350
1087670 111289 10138
90787 592842 51243
1166057 197135 14223
825334 801259 60477
935041 263825 45696
184874 597985 68707
67048 270744 67121
215967 608212 50083
1041031 268556 9476
1131126 925380 65835
1053073 114042 58497
1143395 137359 80281
1075311 688285 10032
363664 503 17338
1072917 12352 72800
807725 1000349 69295
319409 1084552 48205
1016245 165922 92283
939819 632207 48790
1112468 653504 87308
1065634 147828 92604
482445 441158 46394
329740 278347 79209
398739 844231 54116
372994 481656 66572
514765 653971 63495
1189043 1016601 39209
747276 732512 33121
698888 697581 80237
1096908 925320 53771
931493 1133674 44071
572818 789778 73830
1123035 1086394 12303
1045752 709011 9763
805571 475705 68935
387941 898321 20815
121727 861493 15663
790236 657917 80882
133179 695074 28207
542778 162711 22680
1016372 806572 35011
591953 328587 94690
163531 407917 10424
37820 998999 32188
52525 573945 60952
1138759 650520 45636
779276 332162 2059
413119 548605 14699
1222014 81440 4142
911969 614194 12264
819227 814018 10354
868035 187955 37097
738589 44664 80290
40070 102959 81030
80648 1026345 17203
742540 51164 41446
45018 1144240 46742
999395 704601 57392
509772 124344 54953
1035020 94964 7835
1160775 1115679 17431
316051 891269 54937
232576 807362 70965
546979 69651 26411
64408 1075231 95862
643787 77396 37895
123475 708476 25081
132927 104204 97025
134767 852642 46377
547266 399716 60387
289078 1215226 54531
423732 815056 59661
502703 75850 3068
1105207 977712 72792
942511 498238 2838
376989 865620 93421
924027 1045788 29810
641883 687525 80110
469428 983956 58497
840162 870328 23421
177896 1105731 79619
1141748 595767 5030
921417 1097728 75660
559887 162741 28712
1077162 296756 42224
260075 619544 30749
139669 826029 26455
931109 644745 18809
186198 959435 30051
114318 701534 69876
878117 1060858 68330
1143290 919774 37566
391001 667173 31600
1196814 242424 44578
843858 484646 56317
813281 861407 28616
204527 1214212 97516
837696 25575 91994
858049 363034 20013
430543 670056 17542
867068 869293 15317
549307 179388 66603
248209 1049581 75834
510323 250527 45755
1216908 41174 1456
785609 575014 40470
424799 93894 4138
1049820 372677 7944
1044036 799911 71728
1083654 1118141 94746
778996 1184269 42375
645514 80862 58770
563637 1138007 98671
301145 1050756 643
834043 443506 13321
561683 533715 12371
1085347 493294 55631
233461 208053 58514
319403 247595 85383
624475 1152182 80125
634761 857631 68299
781979 292559 38947
395885 598355 54546
405347 977567 66526
1060137 905127 90364
746733 899383 93748
1039360 1082135 14271
644485 342531 82831
29064 1177976 82240
1060017 212316 21928
317331 875255 84921
1109865 653283 7450
206370 529629 78279
211747 313852 12083
752390 1065832 21569
113275 1067525 45353
663747 521990 12086
1190360 195879 26261
337481 256717 33136
1005137 590333 82189
196430 538269 46829
438605 372471 31102
215167 926804 93843
647017 519147 45631
1189715 946477 75584
189528 127029 60484
304060 136753 45901
1081686 618171 59862
649068 47970 57550
567463 1194287 5706
784549 9682 70285
334747 703652 2002
232559 1110372 25303
671297 1218277 14852
434410 68155 90193
324568 906218 45150
900241 544914 48584
325927 1006863 9288
764170 571297 33705
298916 555980 74677
942782 242195 33956
791272 344087 31113
1124817 327357 47378
139807 326712 17690
67155 178759 98443
1030867 712015 78345
309567 362938 53844
236015 573401 21327
447878 925697 11862
872532 1063229 69037
598950 208261 18047
329436 251292 99571
298387 618529 49555
963051 1205586 73470
1050651 881086 58430
993529 1213864 21278
132532 755242 88923
264235 1184665 68864
213609 16689 92782
132713 288174 68714
973633 645036 24186
775861 210952 5984
844967 684851 77880
399789 426079 18598
1044429 692776 25556
823596 703427 56762
1010967 1230993 38372
691716 887599 39911
613375 635314 21460
413732 1094457 93993
514860 122405 507
1220403 624258 43155
640029 43409 16507
377132 858045 4674
386548 169363 96687
506434 663696 73091
322918 328981 38488
550462 213154 8133
369621 47480 47583
1220337 58062 11782
33558 1017605 82769
724493 869043 87939
454168 1136300 96050
545193 682161 82788
709173 57815 91274
1178831 936069 33837
494556 654152 23866
1144365 491666 33472
226145 60431 29798
308054 175502 61280
191320 351476 35595
51065 167909 62647
851700 768407 78744
608476 463239 7126
225774 356298 41650
770269 265484 32399
1077895 301086 89954
1216656 684637 4607
377598 30612 29834
1190026 921371 29514
746945 24983 2118
69904 1207050 20965
314204 194992 65626
597345 353703 54215
449266 1162913 15972
161350 437132 24366
812053 313606 15754
253912 1049591 89289
119142 903477 58604
1106282 549604 68698
777655 1125829 1036
722562 798698 10123
271489 912618 9088
1114000 1228360 79808
1116601 538151 5392
610942 73659 38553
779954 1098995 1256
247141 191195 54220
1132244 529521 15964
1227236 667990 66716
1206551 512120 96224
939778 56055 48841
904039 809838 92784
215404 42448 99304
75603 1060533 25872
896176 682560 16147
283347 189527 12574
220986 238765 67186
424058 1030843 4979
805212 1211153 40764
399363 250116 16250
384085 360255 96671
148139 662202 19564
998575 290558 89746
44191 782358 39137
76749 456030 38836
429933 1159849 69659
535774 335198 25031
393402 56612 43124
1209818 149163 61028
718934 1206673 62874
373165 265437 40660
571213 935220 9998
8532 763682 28704
908715 527614 84574
654573 818058 11219
825535 1066826 51674
481673 551106 52989
529653 452279 60657
646599 636238 60379
1051731 944720 40021
1155148 196683 41052
732320 911911 84645
504271 735116 9832
1038128 387807 58528
432690 12528 43610
341471 148939 39967
1087924 158256 61261
629388 1219935 43043
502516 940294 60455
4039 34935 5312
75201 529399 9145
568579 107998 1561
828122 480939 63007
296217 742110 46337
1221196 357827 25103
576978 120566 77612
1196975 277054 12963
247356 352440 59668
358673 161306 63070
1049484 407739 56923
88577 485486 25213
46735 164222 61914
786607 720677 22163
169560 623714 69197
1183481 318586 82733
470388 354779 5985
572379 1063352 34368
848189 833548 34187
943669 333316 75779
694286 604722 71249
552237 740611 3249
240944 1227262 52770
126020 435555 24995
908080 1027363 39600
1159570 1101825 47386
632888 1060428 4760
683411 1232583 23735
210587 1022677 84868
304503 9706 28244
383379 1036399 34639
954523 1096271 417
899074 71567 47077
655308 278485 13223
678373 1214610 6696
821288 91992 27976
898733 849220 76038
607707 374499 45132
621572 37100 29177
1170658 1179112 46074
70377 327456 20417
340414 619252 1193
1193757 274884 65204
1198989 610585 33481
912188 921966 26260
306836 611185 54121
893655 600310 36187
1075274 258660 52964
416415 322219 19475
426059 579578 88383
621209 626021 92458
920900 365525 44848
129363 387945 26875
712324 382907 96190
789765 993608 35704
237559 353505 73804
48052 577833 48966
376812 244882 22178
475809 516466 71149
283003 1165868 10124
1211833 827909 93016
214728 1200378 54381
372171 266301 67515
1087632 570782 41600
78243 256046 62798
468356 1213376 94002
1200903 983940 31302
1219185 1059941 1663
108031 292243 17099
167008 948796 94991
1185596 957508 71751
324017 780035 54348
718353 598704 89296
701093 313195 20582
655422 134339 18837
716005 990665 37698
445725 746268 88639
1006359 301177 32229
989608 454817 77231
852101 954326 84001
870778 379289 96797
864489 513901 89746
22790 319148 910
1197743 20579 63487
1020596 13126 81559
1141774 931026 13591
150421 938378 39789
647472 831681 87951
40615 626518 74677
1105099 724482 64333
62316 970256 83994
1057610 1220253 13249
1146890 720443 21980
929731 156680 20402
315997 764654 17874
409645 1043371 61543
270123 864134 70658
793006 295392 91947
787711 429140 58041
663926 598825 37603
534835 807892 419
798047 114677 74730
372895 866695 86679
222225 880932 62888
1092918 1033098 46940
848706 331418 99332
139860 108112 11949
1059124 518571 82950
22547 366547 98294
143054 465453 71088
1009077 502467 94838
717466 507583 13140
798079 52560 46113
1228002 955418 62966
614868 90115 2618
386860 489472 27754
1129146 1220162 70974
139605 950263 49356
455228 467299 568
635245 72403 50591
292101 554453 73915
317237 517703 90713
1143800 469805 28419
364460 769717 30697
1205751 830712 39984
545764 306646 50663
962628 830935 2533
586192 55435 1291
470601 1059927 57159
902551 612446 31644
568751 236994 52786
949865 186367 92
400882 40176 71636
820550 830253 94561
850010 1194566 14937
115563 946325 62733
704414 76853 22449
257509 1048948 42292
461987 886114 41327
72936 1184546 68915
795364 886915 49248
461696 409522 98803
821419 879169 13585
812047 710982 52932
1096475 801518 77131
1048417 1128901 78113
775793 188659 20337
107906 342023 62978
645464 100774 30255
1001886 305065 20243
227661 49179 53773
548634 1138630 53091
740662 996552 57889
854308 26037 44287
559882 905332 43027
750687 707195 20648
5860 395953 86062
481428 1142408 30432
578707 814462 52761
533394 789276 2050
517260 400962 34894
1168112 1106818 69023
464262 1214451 21593
499101 819084 64380
435887 171181 68493
487309 874038 57934
701039 186580 49186
832491 370348 9415
439149 550815 47612
1174323 1200762 84724
1150283 652921 52375
295726 345166 89753
19676 423681 53062
299725 875657 25150
690118 980880 16038
1190270 1219187 74934
632596 238621 50766
132266 268694 77823
176427 61426 18415
267034 958711 19901
293030 332608 27157
493975 46183 15955
237960 539424 79061
310354 493883 38637
1015527 402485 70274
962663 570130 39660
402851 885361 83657
1015773 156398 69968
978904 866459 3805
566899 283308 77790
988159 143147 27433
48954 909847 16510
24918 508533 92709
665874 366160 61081
593196 1117281 33273
1093571 575554 49046
284686 791870 65306
13348 672571 336
614520 919929 57287
1116527 913234 56923
716444 717091 11493
720571 999114 32422
1108442 676872 66213
1100893 325800 74917
687805 1112036 1567
751561 13520 25357
294372 736263 11300
482222 1221192 89517
580951 315798 38781
169747 993603 11810
1050316 27030 50213
103365 323618 65345
380789 586641 91895
944094 164064 990
55002 278731 9552
1176851 1230851 4643
815421 256040 14725
456198 821606 19426
1020412 678882 70357
236491 729452 52190
669973 856827 53508
387140 871698 87438
896751 453572 26903
797982 1128029 54827
1066052 30737 77856
620429 442915 47624
598453 208693 98641
1204812 69073 15372
950409 364711 16602
125705 314134 62517
89483 964027 1305
1190354 593255 63439
1180044 8644 20978
700079 815757 36031
1100274 177324 98468
1003189 822998 93044
138069 228880 13975
143081 1145927 56786
303376 1001629 49549
855894 727508 8183
433780 1059646 65237
1156040 779546 2893
961809 762107 46357
185906 137628 10390
797506 971978 89631
843957 99607 36210
1105821 634446 29223
300652 1197715 89785
736266 426669 60116
182744 952503 88301
468327 1076805 54030
541681 402087 61094
979071 503713 69345
362167 399175 27632
838609 451955 42378
1224400 464319 89945
1179881 517917 98319
1165991 865272 17183
218863 541122 26739
48069 274823 28961
252494 330589 68070
105807 289209 76818
602222 337046 2869
435067 991471 35180
21728 297719 42118
977101 547646 80187
101649 414518 27310
658872 1229077 17706
100816 450012 22550
578789 732433 86992
950252 476608 56765
983387 611722 21494
747463 1102401 10067
565723 406025 47717
729885 894159 13131
739903 656963 35931
668723 120294 40633
234368 1031809 46076
293984 100807 77490
1068755 1225467 14744
603195 492665 87471
1016119 1104820 61025
118647 360006 93472
877915 450076 99996
297030 1208314 39691
1229712 27561 3846
1179348 433939 64649
925080 428948 60036
274870 405515 45173
930788 920700 59176
210164 648026 79598
1074377 418388 71105
1094784 882462 70520
490209 953475 77471
1203590 358229 65332
157231 448163 20533
946542 966612 9618
668205 277209 32684
972882 598501 19324
1112636 635973 29985
926197 922207 33028
383738 300951 62810
943101 510143 4982
636716 572805 66069
63072 274200 74541
1047310 384793 10824
85542 706678 45852
604023 1199762 72213
769727 777570 70163
249329 109819 14570
815076 887166 35138
147417 752238 54674
760239 63099 83955
365535 341609 26603
1040895 223970 72515
891337 239724 1698
310090 697765 81811
1058309 596270 35322
1117774 614122 4054
673331 1050110 46776
1170809 230258 8756
55258 1016128 14949
611709 706302 11940
253566 101169 32565
979399 175597 3270
795266 382836 46492
234451 60662 23111
776137 446651 22787
351392 987212 37148
854794 1165572 15186
200594 15584 93492
773725 962846 28423
854476 8506 86964
420445 445378 49118
651980 566988 37064
619221 627749 46168
719405 870982 8052
268785 607006 60730
1065939 520098 83712
648092 91039 41537
1024859 339735 8115
535101 60107 11519
885855 3583 90846
319470 1159006 93893
61908 836498 4445
338243 397618 20838
152274 2946 91922
674473 299080 51192
443386 542165 65607
104313 489193 18523
563799 283519 78526
1004271 342729 28909
430278 528723 49246
844555 404566 89783
653575 672395 29526
1080774 537006 86615
348012 605197 78200
1103301 897411 26400
1157874 691027 55090
982538 61108 48209
856993 1178562 24043
601671 210863 12067
253179 1045261 41559
396894 838384 19079
868353 110688 30986
518738 849203 90331
161815 498817 72389
315903 407102 23666
443580 859893 82512
428213 1104222 23076
552677 812252 19848
581085 904287 21468
278946 362235 94783
457280 341337 89624
78288 978725 5628
937965 1222424 85187
1020172 527593 33485
612020 681196 65870
810983 1233456 39866
745243 11561 78334
27784 1193990 86589
182728 366395 19776
657940 415277 33053
962526 180329 91229
97767 775526 28938
221947 1189136 57478
221570 648046 6508
292015 489955 65469
873532 664989 39337
474301 820772 98603
564783 533504 11635
1069235 293712 88488
1086470 589177 25778
734099 351562 88309
636774 845947 11680
147183 203573 80624
293205 262916 9793
811603 492814 59119
495154 959111 11772
692119 529615 99442
1006267 634055 26628
1154133 354030 79364
1111877 296384 73694
740612 1016464 29374
58224 427428 65859
486398 1138088 61824
465278 167986 60418
184839 858790 65913
250389 675151 84755
905128 277408 37274
964678 14543 37315
1132978 879066 40831
1014779 157262 96823
260990 502021 69740
636610 1010005 11884
547800 828909 71194
595284 1075729 2260
418568 501648 77031
292232 107297 25191
230551 379465 67607
398235 896824 60418
791305 627185 79633
810886 1074592 14247
583293 321213 93224
33345 312457 31595
394321 85616 56330
733606 498521 77451
538997 829110 58475
1002577 622361 90887
910518 846427 8192
1119823 686848 61699
1154822 1215229 95734
429811 1010941 46949
1210115 228379 707
362221 525790 64695
661540 215946 17467
266923 904169 80031
451283 63423 2234
1022067 513528 97037
912745 650773 14217
880494 805468 59900
823547 1068554 5384
280178 1056563 16193
669075 671340 28845
1000214 773429 13568
910058 42151 45854
708115 182913 41030
1219369 394185 47198
1013314 493817 78500
881789 1030347 81272
211595 917491 72264
702214 952981 2122
1025470 195157 98802
931690 18381 26720
1092603 911677 84462
30109 268082 61037
170644 833875 93669
371947 701120 33501
39215 1184054 10590
1032741 854433 19021
473430 81426 25305
472156 934397 26809
1220970 102216 2482
632304 651147 31105
815454 539138 97578
142267 334508 86295
229565 673383 45891
202681 863150 19675
33427 230428 31493
811179 1007281 11045
1199733 709281 64051
118348 824693 99519
1104038 1048268 17011
1141302 921502 91276
189506 1172630 94804
101903 461485 78433
1197473 621837 9506
671608 1193171 68782
991827 1200442 31827
90412 742182 54547
132759 121735 88681
274204 78263 5953
645973 539923 43971
910050 983430 28758
185755 1086482 47708
812625 283306 95099
572662 12557 25463
811679 808161 96195
520242 398370 54329
853188 965799 39884
255129 268693 19311
585845 1230464 67430
31230 907868 76910
540692 894693 7967
587632 963169 22523
686093 115130 72080
56491 821338 47829
888799 460484 41743
1226335 681191 76309
389407 906981 16275
800556 991679 94713
31761 301416 56306
651013 13993 49617
429939 762473 32481
927544 583271 37189
698460 1065521 89282
305974 510108 9389
154350 756146 35265
450263 963361 20528
1075149 308440 64510
894871 708530 89072
242349 1161468 36875
524853 1129498 91883
751181 905451 8643
168932 1071302 64182
911210 274605 55973
633642 908275 41033
542521 314432 40146
281886 672609 2799
1102965 932473 75379
202415 376602 74242
1179952 341522 15377
864604 714970 38164
125717 753715 22494
873023 225840 25621
566137 142407 90088
606689 730534 52033
805244 1149036 12147
20137 338839 92537
776728 803771 36401
676414 118576 378
44682 1179302 95721
43936 390176 76544
707186 404758 22121
1042631 865705 21956
684821 424198 27858
935895 71848 38999
401819 111385 41974
285315 689497 47458
350914 140731 17678
502109 1151751 58043
584300 1105145 3483
365761 597220 14891
985569 927722 19022
38525 1211973 17083
415179 715697 55184
1187417 84193 52501
730244 158711 41302
728481 70835 40496
406365 621532 59625
876465 1027524 7394
662921 505323 81618
333009 605820 98287
308485 843207 83646
1178139 273558 86056
980737 432725 78865
522333 158130 89060
374070 398763 39615
415204 705741 86608
351126 500664 26048
766986 42333 64737
254019 957606 20611
934042 1007280 86866
374818 643986 13066
1116877 773850 56528
117367 376020 97821
626 604155 63511
637639 748336 87823
1082373 788940 87625
1070745 679836 15308
935280 69899 5431
978383 1222062 30112
1109528 343130 44959
419949 791025 6849
358318 1043281 43447
87753 1159249 49019
554307 656854 49437
859297 409137 44281
452725 427254 43407
133816 885755 27455
168371 1195968 67677
76372 1149273 53533
500378 1001758 28620
1117291 510232 98899
1228504 212395 2390
65967 1096228 74060
1223386 966881 5394
390400 560902 12283
218842 697605 38196
1145540 23734 86408
419124 1119573 53518
800595 877401 40388
109600 62391 1000
165224 1017403 71309
726618 22783 48327
960747 740678 87565
1199597 664695 27090
1112892 139037 35382
361055 397658 40325
1056216 146080 46317
231969 1098467 88826
411570 276759 42204
61032 839743 45462
1153474 1208950 14436
49794 822192 95562
562066 677429 60496
172339 899458 8828
1191335 1041928 65137
1049123 452757 74478
1203742 988923 5151
207407 561014 5647
34347 604647 56169
400262 780818 18050
1070639 1117036 61123
185675 624608 2084
526357 678665 55881
