50000000 400000000 1000
455344 1013583 26123
803467 1165482 97090
18224 310699 71853
535026 89975 85913
926062 1222836 38871
209244 273807 89255
250961 644851 64100
1223878 474707 39115
422882 1153560 74906
546938 727832 26462
1090312 1231565 35671
1027890 1206349 44595
950966 93518 70226
699363 508417 33963
19375 197938 4835
395258 156825 26668
198371 357765 30348
39901 1009608 61216
154790 827787 86197
790404 640386 89226
1228075 235120 34298
444071 22504 39096
395400 1038368 60784
829930 57161 6643
1087942 200461 18393
570365 729821 79517
183357 264022 67595
995506 1117770 84728
850115 412151 91985
799873 967437 75498
1105597 1069265 95209
486568 576654 58775
456431 1025056 82006
187818 1054886 19604
973913 1027262 49537
543466 678695 61913
269011 862617 83351
1010613 1223850 30219
1029613 1063288 56922
1129948 357667 81488
664209 782363 28698
498325 782505 28094
374620 179731 53280
531797 1227772 55314
1159450 409014 78950
203486 1036300 61600
753916 803731 16914
1006805 1209775 45983
487186 379915 58087
75752 655582 99947
750467 54208 95182
452956 1174607 51713
404965 1179068 95538
804107 1157475 27749
1074035 850826 22929
981888 319964 77514
382565 224980 64148
880712 768025 96759
245861 207209 58569
254955 683600 13812
333512 208012 14848
1059212 39166 80003
831175 301952 99500
914239 450789 72512
918917 858995 84243
254343 482963 11655
1105961 825559 9065
801621 814420 84916
448288 515552 45685
488156 734222 76945
460919 27728 19713
694857 229207 73457
805692 279398 14508
882638 346628 54557
102065 841330 23955
666266 1148143 37772
267843 44055 4707
40366 1071293 9239
892973 921283 94109
980072 450688 16782
302813 435865 98770
1124799 285152 90246
198830 816826 81216
386314 855031 56970
39400 863513 98929
768986 480186 71004
4721 948295 47390
170403 337371 79660
682181 1228685 56599
129382 775365 61144
718596 551305 57579
521449 1102654 78648
666941 879331 5558
1140313 179775 38149
1032400 397753 47982
425829 177440 57214
415355 991220 49290
336007 1189336 20580
1038281 129383 9817
548161 783891 53639
714452 572292 22322
257896 104856 33298
1044492 223327 25518
1234182 222361 84421
511077 98374 82028
1076018 357356 83534
856908 224946 92734
1223261 1016661 51273
868856 947213 47547
35132 45162 86688
1049184 527211 85833
249405 425166 17313
840164 326425 77695
308486 1188422 60783
9101 932070 76638
1031580 1218043 14669
1194581 835454 41398
691417 117953 45958
839498 1233506 38475
23671 807645 45578
708987 33141 91465
142958 651804 56939
912422 236298 310
773870 411368 28283
447587 449105 69338
386682 757852 13707
615633 32328 21731
964215 643288 43566
525385 868261 48416
926797 683263 75208
62082 421591 44277
590576 185737 73420
358625 871648 88829
383990 891821 59659
116779 1054545 15618
1105822 979661 6360
365947 621894 14700
787109 1211987 61587
854992 395494 40639
785674 795995 94706
965975 929852 12961
651616 810694 23208
304168 389983 20027
727548 146153 78706
1202780 927670 3389
344600 285299 13536
496701 540527 29993
488178 922954 42625
663076 937329 52848
579070 225541 23813
783152 368530 3276
458274 340473 62769
796202 108830 39693
868254 495727 51093
226198 1076164 89724
65690 515314 80120
417333 6008 89877
1118885 270424 14224
390429 697473 52255
878064 45125 8404
151321 579962 18726
164988 1012641 77318
128994 139909 93001
70796 555580 82806
543693 45188 27338
278980 990548 20440
208644 512751 47075
572617 524211 82633
342070 799113 5010
700973 854717 52146
226020 110211 75677
786510 561813 30877
7610 933366 84087
1189042 671386 62072
681981 74000 42539
648045 1146596 44433
424660 247996 1433
614146 180151 37728
148524 262013 21963
216157 779413 58440
1103751 718203 83035
916632 781507 32607
409561 434970 7371
957008 1094111 446
225193 982662 33739
1098197 313242 77988
1162104 734538 98793
689796 911620 79268
1148941 249266 33899
307479 404490 50524
911018 647307 93342
440332 375937 51977
655329 122002 1766
815235 231366 49249
654658 537341 42528
203945 261028 12468
1100329 649154 47001
891415 11168 93048
465768 219715 39865
86731 134424 13039
476799 369075 35746
739737 130591 47528
938750 662939 15706
434761 273986 66935
1025119 1223659 22060
231139 935273 15477
527372 521318 17569
1062997 753627 87089
1106150 651545 40285
799046 605555 67893
182951 820694 76653
406729 377826 73481
1191518 30957 99202
654778 1230152 10964
633347 285156 55628
1029824 1078006 53822
95197 1058403 97600
283085 1083839 10022
394358 515241 47731
680855 176805 40981
1185855 261884 42892
1189093 996689 67724
309027 331121 45882
772372 464825 27107
147984 230196 14001
752514 670837 98553
803857 22702 85174
796614 389115 27790
614468 249411 74498
189853 1231934 62998
541274 613544 58682
324999 339590 67516
652727 466996 99045
21266 37346 25506
434803 1195353 78354
64510 491504 7166
1132212 591638 44581
372129 579267 90429
813908 68604 56494
411503 599681 33694
623599 1155427 21142
215659 434630 27564
679499 1111805 8254
283478 976704 63850
134300 100527 9747
912826 223529 36978
1232057 1068621 24033
4498 493996 90513
421614 374822 39232
453189 143724 48626
806704 320739 44785
307196 220952 59429
947528 672694 31334
863759 310883 73427
496427 995258 33131
1112343 703284 33187
309757 534139 62201
298735 1023048 94886
233384 781824 78634
229020 149824 17911
412563 1165013 38212
713651 545669 23278
1032920 931268 44538
1052238 693439 99463
932722 792357 34070
588728 378578 6972
658099 993810 47164
235434 1199765 13416
775806 973455 57451
956741 262348 77876
72090 435244 27041
1100779 469946 69303
650173 101648 70565
1127124 593577 99027
186746 49973 55109
100321 1140874 57418
350422 632905 83957
469627 559093 95420
256204 1074918 15217
420989 623722 99961
376803 840946 93612
1122487 761523 52912
1059749 269671 22221
98933 903658 53308
1061604 24669 62961
256524 453748 97713
331728 276619 25499
600234 338774 56579
233572 262595 98384
161150 516780 10306
96383 684837 33376
1194309 746282 33143
211839 1215307 17684
587865 1166619 85103
1087832 491134 55660
793913 1119148 79509
762292 282352 50148
1108206 672110 72222
503269 442926 19591
1032187 926938 96808
95657 628346 59938
694793 353441 96358
329811 101952 96267
97352 693929 75097
279848 694249 62327
105386 604988 60155
268353 828419 61227
13825 1173837 8336
901910 275238 89515
681978 272688 11128
452160 405393 38354
272131 360708 28354
1066068 616845 46381
430816 1104443 2934
177608 430451 68506
851783 1031593 55779
1090629 809083 52423
742744 118043 64054
1021868 938391 60114
262370 446183 22421
637401 53144 39558
354159 823375 16802
79108 158435 38941
169213 564410 1003
744110 166527 2484
108529 637026 47975
591260 555194 69772
584417 762311 40508
599278 1114478 51972
762535 234953 18431
928562 227236 30288
514788 1187918 6312
222162 116048 97259
682332 279831 19281
114263 229704 55676
989891 638355 68326
815591 928939 11676
447351 444343 75347
1023391 874978 24048
960015 1081563 16972
308311 23781 78147
925806 485439 33474
774386 798356 81958
812816 799722 80593
700677 1120716 89604
648028 215273 98771
548978 162289 55541
984148 407408 32059
1063638 1090835 29218
992923 615851 16276
62418 386529 95298
311702 500162 19935
161211 591234 21661
376379 121080 45538
592733 511693 39524
485978 564749 22298
196704 83538 43691
1048773 592141 74873
568486 95661 18823
927352 955973 74558
505150 533183 34559
418782 317678 5342
687699 314903 47382
1956 568229 22010
1076679 192866 37069
815248 1016162 86363
269160 457666 91759
864904 595498 9254
1199222 814035 96061
79594 63637 9840
1044258 908995 51468
767148 422178 10259
957145 249579 14544
530277 1092497 22791
657690 514837 90478
685105 952951 96090
964680 704973 91589
29235 961757 56328
1116465 493565 68431
371153 622336 74416
36971 448385 24570
162055 650106 9261
1174707 455358 9986
302570 483264 96154
70110 730026 32180
187311 71834 94495
1196339 431588 56519
687058 1212028 5253
115183 603923 46019
578974 411892 75331
686497 102361 43081
514678 244258 43579
445710 505375 62918
26934 298161 1834
226963 1018377 43170
643045 669130 95932
1047905 888440 32986
671744 3424 5743
1231616 651765 95964
833395 158459 31233
217845 897157 33640
231741 152426 11931
336306 724649 80200
812158 765524 92802
938222 1070703 2054
520325 661556 31364
101008 77310 85181
772099 30438 41715
837444 669038 95145
450038 1052965 9377
1195770 263200 42918
564193 521599 9491
809508 586527 15840
713092 126432 81047
328672 654294 23262
1020660 1123225 58658
383322 1108472 31832
935707 591077 19249
469689 978762 83912
601495 1169673 52294
1104589 1174451 7813
88857 867712 84897
1048673 631965 17843
210651 898443 27634
780384 187152 46485
1168665 689098 14099
776740 9019 96378
225621 614722 24694
654798 728454 22370
704914 1112066 7599
812351 738037 32570
1196827 1027220 81692
458360 404971 71215
239907 1195877 25402
303420 144760 80909
25875 78044 8786
202206 1052314 31616
1110960 957810 14762
113081 749797 28448
339847 1141294 41866
1201482 901479 50606
760667 929492 40577
1156469 756821 70985
583705 601498 81321
1013892 66141 55000
357976 241386 95271
1209190 596751 56013
446663 1162692 36114
536419 818933 75708
541355 186300 15776
676562 602743 31649
1068011 1126771 84174
162702 589938 14212
218917 667737 98135
1105333 38814 38383
529350 770439 58156
611542 1069048 80733
458298 1219635 82723
1128949 1101122 88325
854153 828364 73057
313821 51278 17501
276020 1181872 1018
725725 329038 9349
665963 231970 35271
232786 476865 90728
681266 111875 51941
866774 591389 41382
1101905 367141 5194
112363 986360 6439
362691 1079217 32736
491865 1133336 46955
710806 938062 17941
418595 1182122 28396
820864 606459 79902
368979 599390 62650
33936 669577 45209
719343 451313 19560
1157827 512251 57986
382339 1203702 41527
936038 64273 50252
1098673 469293 43184
149866 665668 6106
204404 720089 97669
212409 494577 42755
776025 46894 5780
444350 59515 21643
97710 847599 26131
203131 683942 41977
1026518 320908 43343
238202 146810 70207
65415 624830 6121
976203 362159 21191
714723 316249 53440
672179 817656 36657
10949 739229 43086
732106 1095881 22001
108804 527510 87641
32390 199043 4125
988579 716486 66959
317528 994295 33237
395317 775182 83749
347777 945650 27013
570972 438716 95989
318766 56914 51802
998882 118925 35128
340428 514930 49777
873554 853721 5017
676458 496040 31738
448996 529838 61991
1046695 382844 77256
662106 583022 33990
193903 853395 4047
838762 193531 59334
105538 1349 99974
318529 941270 80674
335963 811872 54887
633967 778847 9214
779735 791223 52927
759532 394028 10453
1106624 117166 16874
890551 453994 94042
830206 292860 23446
594367 502822 43328
1025370 234981 41772
573855 821163 1198
945635 142856 56389
693624 423997 40577
528602 525216 84705
1144202 1000939 10813
692057 109946 10950
660976 539300 89551
470533 1037634 71512
165490 269618 16742
814426 1146022 64443
907322 1032989 60446
1039280 620261 68647
358217 737890 9280
898956 69186 32915
356496 337048 85560
850564 1122061 71483
493336 399405 62433
481777 657809 18567
1148668 1049212 48507
996939 843332 97335
608542 1029435 4166
832245 616435 75388
422908 254486 83467
1010275 568482 90591
1177897 666172 94910
1225676 301778 77048
561657 198456 3810
622010 652644 25835
145876 773446 99275
121617 1152166 52930
1013784 1047244 46541
712114 713404 10760
655478 951384 10174
669526 837347 28284
824267 288088 16000
387924 1201331 40820
246045 775786 69771
1160238 885174 75213
1048293 289563 1129
85211 1233482 80516
1209372 474898 47274
1221356 47242 82018
1149514 564181 90381
691524 25968 77280
420065 102976 66737
526540 902027 89946
1048209 915495 46957
772096 229126 10304
641559 1162168 89066
297509 1165677 36298
413359 699894 51571
846485 129696 90462
770959 237565 25906
461124 439822 19458
502669 681870 77411
119510 806298 15341
448182 952752 91500
972884 54598 73598
8893 718664 11149
1027883 24177 4636
493901 421266 67486
343462 1182856 52001
250971 394002 69803
642495 888162 82267
931312 366409 64280
1097753 95074 18508
560783 892131 99101
333498 312334 597
145082 694662 40190
119373 416497 66910
143098 842917 36781
179058 1087336 61108
485892 500251 13852
752999 230824 57982
379274 943108 45057
768809 1093781 34094
790836 418973 88729
1045856 815714 9674
190253 1072638 91118
738281 1105415 57771
912871 946208 45475
467333 1077669 15218
1058100 37649 92696
1048782 1230410 3439
1156141 1084937 37060
150606 617837 28128
383717 457434 74267
806239 259054 96762
803346 127456 51517
757860 862392 38111
554688 110138 43288
1050032 732610 81981
74580 924826 12755
753373 970602 77541
112944 359996 80017
34763 1031459 52814
407656 699884 38116
3333 711079 43280
881585 963468 24331
469078 1123340 58892
204906 1211399 37093
897841 266357 14197
378218 524303 83420
939937 634588 62952
176947 594941 14971
893443 240377 62150
810397 133745 11937
746696 469758 36680
1092111 169518 50741
1231960 909757 98414
1076881 803648 5403
427175 727622 84238
664782 1097278 85180
882370 403983 54850
1118000 869733 26675
618005 519529 93283
317997 1202507 24141
160347 1034060 22655
740817 194225 63452
1100369 880091 69813
1034549 430655 62657
30822 774110 97361
1055658 72058 81223
827349 245672 92465
430835 257530 37203
183880 598849 95562
583467 1140639 98723
285678 100576 84177
600672 954318 53237
443123 1091262 85918
212390 107157 8486
769753 1112829 78724
712666 1184802 44366
902661 321773 94377
345203 1082000 87127
370930 168037 17539
288182 485836 84142
1167396 799478 66955
617696 732 93627
1125503 152911 98004
496189 300066 84866
384129 737719 62364
552453 12738 85834
767001 283226 90458
1233444 960622 51006
462354 443720 20927
583874 929182 1135
939750 264699 86006
310112 886497 47491
26133 271538 68457
1001987 610456 54410
650791 1139242 69877
746445 224103 16968
749395 283628 30687
813697 53886 59594
211921 1133278 17582
1004723 853951 39818
319626 701894 42260
373264 1114731 20553
863753 708259 76272
104657 747185 20973
807285 928708 52696
1213601 173194 13840
863319 239242 22495
156286 83900 98766
959417 776604 63399
760557 1220165 77844
145684 1146148 36644
1162640 619828 63874
1126592 854814 42494
11130 272161 22877
207171 556252 11656
671056 721773 843
744644 595720 13291
414735 497529 95704
586096 241786 87142
373946 793758 62631
958955 516231 46787
218259 633539 76011
108545 1223134 16500
401647 1216722 90749
163572 984069 10373
246249 842665 92379
902755 679325 88585
311268 31145 66158
212840 1162282 65121
528511 1203309 56241
139689 324331 3528
1002676 237322 36447
1203058 619466 8799
1215948 670351 53968
1053392 381990 63856
988839 366077 15237
13566 635128 37195
36834 58584 10472
1091304 540271 20209
380881 253763 97496
779569 264851 98857
1029559 936673 85526
72684 593676 72066
387353 342513 38612
1226923 2666 58512
518544 531475 73426
1072248 1118121 2169
327025 1112702 82344
866766 298335 89953
579545 36377 77539
939952 875481 54340
1156372 597957 45366
421755 911150 96211
1019453 418941 6
569569 1194940 66158
50523 679995 411
23134 577140 3360
206896 665768 37657
1229926 1077924 32157
340482 641545 86840
696485 617712 14439
953314 935890 21824
954731 75344 65906
902771 31100 57110
121655 692673 87135
1026328 149707 34986
175482 931496 96648
279909 768703 73682
385382 41231 72317
901110 593830 67608
287964 523279 12950
510749 426490 48103
642919 373695 30341
226733 616239 12001
437191 1034329 18431
463012 477918 8718
346329 979195 88685
1067453 1052749 19080
758082 971476 17851
238182 648508 58801
1228181 1032253 88483
1193676 702128 42443
847426 347432 69348
496904 262191 75464
165400 58593 65415
1109541 1127926 16406
34451 711350 21747
1019277 143418 40233
186646 89797 32412
976819 709323 66229
203454 1098417 90217
1133142 715008 74960
614162 766259 40586
1193244 923541 42940
1029645 1001171 28305
750722 446390 23442
1056852 1225879 68428
1026600 238879 43241
655060 1068475 24922
531542 835590 27054
555554 357742 96568
816184 742156 79564
902963 892731 19741
314965 1225011 76191
913520 342137 39033
876466 138406 84531
728216 1163835 72200
383852 156805 34091
980733 286198 35984
261153 1227081 92399
170698 960490 30732
194878 465111 42923
316071 389571 66343
304143 399939 22936
329506 964015 5159
1166038 1044048 79954
819062 632861 33421
1203357 154779 2752
989825 72159 36953
209120 668802 12271
794712 455341 24279
1091011 607582 23411
998774 1100028 26669
694566 986948 30933
319842 1208354 59178
899321 170695 58241
736844 1233326 2283
893264 163542 36633
231589 756065 72112
286130 611798 95086
490020 1127489 46251
1206165 567094 82355
422568 143021 89565
1027969 88675 13082
1171939 273980 53195
1012961 831889 47484
50648 630215 88865
779011 190829 33763
390606 83878 89165
91949 574447 67065
510201 101619 23045
656916 1168688 42799
754428 1044192 62041
1110854 160677 60577
597809 70173 25101
1122154 597897 33302
300175 696449 81785
448876 1071360 93555
617293 358716 34096
732611 154170 27169
990121 1040493 99495
1021445 563740 89177
1032244 854865 99615
114473 1133540 75439
1124178 680579 93856
383624 445097 57196
905469 734088 8313
1012279 1152862 5406
1189779 822243 18350
665409 304475 13058
1089346 1023785 91028
903903 765252 55823
1209948 591125 35167
566953 409923 14853
811090 1141471 36855
325810 115364 6596
530653 54039 96624
521950 14416 40935
52745 1226932 86418
691663 1106199 79985
855739 295502 36953
187719 205592 39711
681373 19890 83263
447341 695192 69644
370441 461523 15229
451585 634381 27598
991829 656539 86101
221002 824873 35711
234445 458038 25956
384367 198578 10629
46334 1212636 56657
524305 804627 32492
765178 466111 21101
696627 264922 48555
350540 635286 98119
768439 500530 23083
84013 1167467 84763
748941 316309 65504
793759 1032357 51083
581526 86810 49537
684382 697772 54063
661049 1053335 95216
299736 970023 7990
174030 818514 49772
515210 1217354 112
621326 283187 29483
1154417 882783 47596
1140662 929509 26284
368028 632503 43728
889374 231496 86832
506637 385360 18562
140 698953 26945
996927 403751 37358
1059335 533289 79850
222129 1067283 14406
996263 766929 52412
905110 235203 80142
1023701 504657 841
217804 321005 33691
23312 308760 51740
720409 619269 86900
405316 150566 37947
270325 240583 38992
404933 6852 89822
1183333 1068752 85795
681392 407310 17532
453613 863590 96700
102125 570569 58173
880967 1160207 59352
849757 258481 40951
876590 977744 61515
184465 119012 12021
516719 23930 49795
404841 339730 84221
113525 967965 87928
941168 983701 7225
323447 266432 29277
530193 484096 34286
110242 744814 20266
117292 405888 37882
40833 589075 45869
527413 1097470 17518
37093 597293 47280
722047 756925 33585
1205888 1220513 88415
850848 416481 39715
522121 1032530 15023
109193 273848 32921
745485 853280 69480
1017178 90604 54073
143404 326069 70693
410000 161396 81166
1231854 112624 44229
327276 124024 2056
1209482 184225 10007
997808 892248 16359
570579 545851 7828
578824 471628 89786
766911 72201 39131
294226 942526 68636
823816 122081 82228
563871 452339 72721
768179 850939 74805
387975 292301 46472
1107424 1032907 73114
50232 203403 57887
771617 271763 13697
223579 489835 41341
630372 235587 10485
567480 891277 85701
660231 95389 81844
1199078 476395 7671
551778 281550 18048
1128864 147506 57016
241410 399829 12263
929498 1187563 23489
1148591 388650 68627
906556 745561 64196
396630 1042266 62253
911135 304473 30367
673849 893195 89058
432295 663566 35508
470939 480962 62454
754267 1009562 93656
473023 292883 57226
1052417 770274 24980
277197 170037 8228
1049294 236538 48566
25857 35839 51654
261229 308095 95142
195786 399749 73289
355947 901295 49032
799266 24209 59026
970188 42040 11002
483192 341166 8375
966118 922277 58547
114137 1168602 90085
168719 366154 13008
581038 725511 24364
913080 270496 88101
536325 461381 15833
575290 2822 2412
834652 842831 84067
827682 409298 12075
1190409 1065085 77639
1068270 431147 55315
1027778 806592 27588
1043924 400154 54721
1176612 190444 79241
21912 866296 53320
648051 749220 41588
816430 496069 13591
919204 1189060 18219
479013 622958 70324
885906 328886 96498
1180849 181794 62903
186235 154727 21452
61567 379818 33406
290642 493632 52747
95473 59769 14403
1023843 151867 34957
849363 20401 9986
1071353 733946 74584
1135984 521303 14553
1032602 1008535 16316
37756 1123233 55089
810977 396499 42711
353473 997821 66176
957059 185081 6098
