50
-1 -1 -1 30 6 86 77 -1 25 -1 36 99 -1 -1 30 20 -1 -1 -1 -1 -1 -1 47 21 66 -1 91 -1 -1 -1 -1 6 43 23 28 85 100 -1 -1 96 -1 -1 -1 -1 -1 -1 32 32 -1 27 
-1 -1 33 35 -1 -1 86 25 -1 -1 94 51 -1 -1 84 -1 -1 21 88 -1 -1 -1 86 -1 -1 15 -1 49 -1 -1 -1 77 60 -1 54 -1 73 -1 43 -1 98 -1 2 74 -1 68 -1 29 -1 -1 
-1 33 -1 8 -1 -1 27 65 56 96 -1 -1 -1 -1 70 -1 -1 23 93 -1 -1 -1 38 84 -1 3 -1 29 86 -1 -1 -1 74 -1 31 -1 91 -1 -1 87 -1 -1 34 3 94 -1 70 -1 -1 66 
30 35 8 -1 -1 80 -1 -1 29 42 7 -1 -1 -1 67 -1 82 -1 19 63 -1 -1 16 84 17 -1 51 88 -1 65 97 -1 50 -1 -1 -1 -1 29 35 18 68 -1 59 -1 95 -1 -1 21 -1 3 
6 -1 -1 -1 -1 -1 99 -1 -1 -1 63 -1 30 -1 -1 -1 -1 81 100 62 -1 9 -1 -1 -1 72 47 -1 -1 90 54 -1 -1 -1 -1 77 -1 75 12 -1 -1 73 -1 90 -1 -1 77 16 -1 -1 
86 -1 -1 80 -1 -1 -1 77 61 -1 90 6 -1 -1 -1 44 77 92 37 94 63 -1 -1 -1 42 -1 -1 -1 -1 -1 -1 49 33 53 -1 -1 -1 -1 71 -1 71 80 -1 -1 -1 46 -1 21 -1 88 
77 86 27 -1 99 -1 -1 45 97 -1 9 -1 -1 24 -1 70 -1 -1 38 -1 -1 34 -1 97 -1 -1 -1 -1 -1 47 76 48 49 11 45 -1 -1 -1 2 -1 93 -1 -1 -1 -1 -1 3 -1 24 96 
-1 25 65 -1 -1 77 45 -1 -1 33 20 -1 4 -1 24 56 79 -1 -1 -1 -1 99 64 96 92 59 63 58 -1 65 -1 -1 56 -1 -1 92 -1 -1 -1 97 86 -1 43 -1 -1 -1 -1 -1 38 -1 
25 -1 56 29 -1 61 97 -1 -1 -1 -1 -1 -1 50 -1 -1 16 83 56 88 99 -1 7 -1 30 -1 -1 88 -1 54 -1 93 -1 22 18 61 35 -1 -1 83 92 33 16 -1 -1 -1 -1 -1 -1 -1 
-1 -1 96 42 -1 -1 -1 33 -1 -1 -1 1 -1 41 -1 -1 -1 -1 -1 38 -1 -1 46 33 60 65 26 -1 5 82 61 20 66 -1 29 5 -1 89 -1 -1 -1 -1 -1 99 24 23 -1 68 -1 36 
36 94 -1 7 63 90 9 20 -1 -1 -1 -1 -1 -1 -1 -1 -1 61 93 90 -1 -1 85 44 1 -1 5 -1 -1 58 38 82 69 19 -1 67 -1 -1 -1 73 -1 76 -1 88 95 28 88 -1 63 -1 
99 51 -1 -1 -1 6 -1 -1 -1 1 -1 -1 30 41 26 -1 48 -1 60 -1 14 66 -1 91 40 -1 75 -1 83 -1 -1 -1 -1 33 -1 94 -1 -1 6 -1 -1 -1 76 -1 -1 -1 -1 77 20 -1 
-1 -1 -1 -1 30 -1 -1 4 -1 -1 -1 30 -1 72 -1 -1 -1 -1 67 3 49 -1 42 10 71 -1 -1 3 -1 25 -1 49 -1 91 -1 -1 94 16 63 94 -1 100 -1 -1 -1 -1 -1 37 20 59 
-1 -1 -1 -1 -1 -1 24 -1 50 41 -1 41 72 -1 -1 -1 -1 -1 -1 65 -1 -1 -1 59 29 19 70 100 22 96 -1 -1 98 94 -1 33 -1 -1 -1 71 -1 -1 -1 49 52 52 -1 -1 46 -1 
30 84 70 67 -1 -1 -1 24 -1 -1 -1 26 -1 -1 -1 1 -1 -1 11 -1 -1 2 98 56 -1 -1 86 -1 18 -1 -1 5 87 -1 3 33 -1 -1 96 88 -1 19 -1 -1 54 -1 -1 96 -1 87 
20 -1 -1 -1 -1 44 70 56 -1 -1 -1 -1 -1 -1 1 -1 -1 -1 3 -1 35 -1 54 -1 95 -1 -1 26 -1 44 41 -1 8 -1 -1 78 -1 -1 -1 -1 -1 -1 12 29 -1 29 78 70 7 -1 
-1 -1 -1 82 -1 77 -1 79 16 -1 -1 48 -1 -1 -1 -1 -1 75 12 -1 29 -1 96 -1 58 -1 -1 73 19 3 54 24 -1 -1 73 78 -1 8 12 42 18 58 11 -1 45 96 88 -1 4 44 
-1 21 23 -1 81 92 -1 -1 83 -1 61 -1 -1 -1 -1 -1 75 -1 26 89 20 -1 -1 98 9 86 -1 15 35 -1 -1 4 63 -1 20 -1 49 -1 -1 -1 -1 6 14 72 75 -1 46 -1 -1 -1 
-1 88 93 19 100 37 38 -1 56 -1 93 60 67 -1 11 3 12 26 -1 52 -1 52 -1 -1 50 84 -1 -1 61 16 -1 60 -1 53 43 73 -1 -1 -1 -1 -1 -1 -1 70 -1 6 84 -1 -1 90 
-1 -1 -1 63 62 94 -1 -1 88 38 90 -1 3 65 -1 -1 -1 89 52 -1 5 -1 -1 47 -1 -1 63 -1 -1 -1 55 55 70 47 -1 66 -1 19 -1 1 58 -1 -1 60 15 -1 -1 -1 -1 27 
-1 -1 -1 -1 -1 63 -1 -1 99 -1 -1 14 49 -1 -1 35 29 20 -1 5 -1 -1 31 -1 72 -1 90 -1 41 -1 21 -1 -1 -1 -1 -1 -1 -1 76 90 14 30 25 26 64 -1 -1 1 42 56 
-1 -1 -1 -1 9 -1 34 99 -1 -1 -1 66 -1 -1 2 -1 -1 -1 52 -1 -1 -1 43 -1 81 -1 -1 -1 47 61 89 -1 88 -1 46 -1 -1 68 59 1 11 16 -1 -1 47 73 -1 95 -1 74 
47 86 38 16 -1 -1 -1 64 7 46 85 -1 42 -1 98 54 96 -1 -1 -1 31 43 -1 54 49 -1 27 24 -1 -1 -1 81 15 94 43 -1 -1 -1 -1 -1 58 97 -1 53 -1 -1 90 -1 78 22 
21 -1 84 84 -1 -1 97 96 -1 33 44 91 10 59 56 -1 -1 98 -1 47 -1 -1 54 -1 -1 82 -1 -1 10 -1 -1 -1 72 -1 -1 60 -1 85 -1 69 -1 -1 29 20 -1 96 11 100 -1 76 
66 -1 -1 17 -1 42 -1 92 30 60 1 40 71 29 -1 95 58 9 50 -1 72 81 49 -1 -1 57 -1 -1 17 -1 67 -1 -1 56 99 93 -1 -1 73 54 -1 83 -1 -1 84 -1 35 -1 12 62 
-1 15 3 -1 72 -1 -1 59 -1 65 -1 -1 -1 19 -1 -1 -1 86 84 -1 -1 -1 -1 82 57 -1 28 11 55 20 -1 89 57 -1 -1 32 -1 -1 -1 -1 99 -1 75 56 -1 92 67 -1 7 31 
91 -1 -1 51 47 -1 -1 63 -1 26 5 75 -1 70 86 -1 -1 -1 -1 63 90 -1 27 -1 -1 28 -1 -1 68 -1 81 -1 -1 62 85 32 -1 28 -1 -1 -1 79 6 57 72 33 -1 -1 -1 -1 
-1 49 29 88 -1 -1 -1 58 88 -1 -1 -1 3 100 -1 26 73 15 -1 -1 -1 -1 24 -1 -1 11 -1 -1 -1 47 -1 -1 -1 35 -1 -1 25 -1 97 99 -1 96 -1 79 -1 -1 -1 61 28 -1 
-1 -1 86 -1 -1 -1 -1 -1 -1 5 -1 83 -1 22 18 -1 19 35 61 -1 41 47 -1 10 17 55 68 -1 -1 -1 -1 -1 46 -1 -1 60 -1 -1 -1 -1 -1 -1 67 39 12 42 49 45 63 -1 
-1 -1 -1 65 90 -1 47 65 54 82 58 -1 25 96 -1 44 3 -1 16 -1 -1 61 -1 -1 -1 20 -1 47 -1 -1 32 -1 26 -1 56 -1 8 85 -1 -1 45 10 23 57 2 50 87 -1 41 -1 
-1 -1 -1 97 54 -1 76 -1 -1 61 38 -1 -1 -1 -1 41 54 -1 -1 55 21 89 -1 -1 67 -1 81 -1 -1 32 -1 54 39 60 56 -1 -1 63 -1 91 83 47 -1 97 35 -1 17 -1 26 -1 
6 77 -1 -1 -1 49 48 -1 93 20 82 -1 49 -1 5 -1 24 4 60 55 -1 -1 81 -1 -1 89 -1 -1 -1 -1 54 -1 48 48 25 35 76 -1 -1 17 -1 51 -1 -1 43 -1 -1 68 95 82 
43 60 74 50 -1 33 49 56 -1 66 69 -1 -1 98 87 8 -1 63 -1 70 -1 88 15 72 -1 57 -1 -1 46 26 39 48 -1 -1 -1 -1 12 -1 -1 1 91 59 -1 -1 60 -1 6 -1 60 63 
23 -1 -1 -1 -1 53 11 -1 22 -1 19 33 91 94 -1 -1 -1 -1 53 47 -1 -1 94 -1 56 -1 62 35 -1 -1 60 48 -1 -1 -1 37 -1 34 36 22 -1 18 7 6 -1 33 84 -1 74 -1 
28 54 31 -1 -1 -1 45 -1 18 29 -1 -1 -1 -1 3 -1 73 20 43 -1 -1 46 43 -1 99 -1 85 -1 -1 56 56 25 -1 -1 -1 -1 -1 60 24 28 38 -1 81 -1 -1 57 17 96 -1 73 
85 -1 -1 -1 77 -1 -1 92 61 5 67 94 -1 33 33 78 78 -1 73 66 -1 -1 -1 60 93 32 32 -1 60 -1 -1 35 -1 37 -1 -1 -1 -1 -1 -1 20 -1 -1 31 49 -1 -1 -1 -1 42 
100 73 91 -1 -1 -1 -1 -1 35 -1 -1 -1 94 -1 -1 -1 -1 49 -1 -1 -1 -1 -1 -1 -1 -1 -1 25 -1 8 -1 76 12 -1 -1 -1 -1 65 15 -1 74 11 -1 -1 90 -1 -1 -1 -1 -1 
-1 -1 -1 29 75 -1 -1 -1 -1 89 -1 -1 16 -1 -1 -1 8 -1 -1 19 -1 68 -1 85 -1 -1 28 -1 -1 85 63 -1 -1 34 60 -1 65 -1 -1 84 -1 -1 -1 -1 98 83 -1 -1 95 28 
-1 43 -1 35 12 71 2 -1 -1 -1 -1 6 63 -1 96 -1 12 -1 -1 -1 76 59 -1 -1 73 -1 -1 97 -1 -1 -1 -1 -1 36 24 -1 15 -1 -1 -1 29 92 -1 55 -1 -1 -1 -1 11 -1 
96 -1 87 18 -1 -1 -1 97 83 -1 73 -1 94 71 88 -1 42 -1 -1 1 90 1 -1 69 54 -1 -1 99 -1 -1 91 17 1 22 28 -1 -1 84 -1 -1 -1 39 -1 55 -1 -1 6 -1 -1 41 
-1 98 -1 68 -1 71 93 86 92 -1 -1 -1 -1 -1 -1 -1 18 -1 -1 58 14 11 58 -1 -1 99 -1 -1 -1 45 83 -1 91 -1 38 20 74 -1 29 -1 -1 -1 -1 -1 -1 3 18 -1 65 59 
-1 -1 -1 -1 73 80 -1 -1 33 -1 76 -1 100 -1 19 -1 58 6 -1 -1 30 16 97 -1 83 -1 79 96 -1 10 47 51 59 18 -1 -1 11 -1 92 39 -1 -1 -1 -1 33 -1 -1 -1 -1 -1 
-1 2 34 59 -1 -1 -1 43 16 -1 -1 76 -1 -1 -1 12 11 14 -1 -1 25 -1 -1 29 -1 75 6 -1 67 23 -1 -1 -1 7 81 -1 -1 -1 -1 -1 -1 -1 -1 -1 89 68 30 -1 70 -1 
-1 74 3 -1 90 -1 -1 -1 -1 99 88 -1 -1 49 -1 29 -1 72 70 60 26 -1 53 20 -1 56 57 79 39 57 97 -1 -1 6 -1 31 -1 -1 55 55 -1 -1 -1 -1 86 14 -1 -1 47 -1 
-1 -1 94 95 -1 -1 -1 -1 -1 24 95 -1 -1 52 54 -1 45 75 -1 15 64 47 -1 -1 84 -1 72 -1 12 2 35 43 60 -1 -1 49 90 98 -1 -1 -1 33 89 86 -1 -1 6 -1 68 60 
-1 68 -1 -1 -1 46 -1 -1 -1 23 28 -1 -1 52 -1 29 96 -1 6 -1 -1 73 -1 96 -1 92 33 -1 42 50 -1 -1 -1 33 57 -1 -1 83 -1 -1 3 -1 68 14 -1 -1 16 -1 -1 -1 
32 -1 70 -1 77 -1 3 -1 -1 -1 88 -1 -1 -1 -1 78 88 46 84 -1 -1 -1 90 11 35 67 -1 -1 49 87 17 -1 6 84 17 -1 -1 -1 -1 6 18 -1 30 -1 6 16 -1 28 -1 61 
32 29 -1 21 16 21 -1 -1 -1 68 -1 77 37 -1 96 70 -1 -1 -1 -1 1 95 -1 100 -1 -1 -1 61 45 -1 -1 68 -1 -1 96 -1 -1 -1 -1 -1 -1 -1 -1 -1 -1 -1 28 -1 -1 -1 
-1 -1 -1 -1 -1 -1 24 38 -1 -1 63 20 20 46 -1 7 4 -1 -1 -1 42 -1 78 -1 12 7 -1 28 63 41 26 95 60 74 -1 -1 -1 95 11 -1 65 -1 70 47 68 -1 -1 -1 -1 94 
27 -1 66 3 -1 88 96 -1 -1 36 -1 -1 59 -1 87 -1 44 -1 90 27 56 74 22 76 62 31 -1 -1 -1 -1 -1 82 63 -1 73 42 -1 28 -1 41 59 -1 -1 -1 60 -1 61 -1 94 -1 
