80
-1 4 24 -1 12 51 -1 -1 -1 89 33 -1 -1 -1 -1 -1 94 -1 2 -1 23 -1 -1 22 -1 3 -1 -1 -1 -1 -1 49 -1 -1 -1 -1 -1 13 -1 66 -1 -1 -1 -1 -1 -1 -1 -1 -1 -1 25 8 -1 -1 -1 28 -1 -1 20 -1 -1 -1 -1 -1 -1 -1 43 12 48 -1 -1 -1 78 4 -1 18 -1 -1 -1 -1 
4 -1 -1 -1 19 4 45 -1 -1 -1 -1 -1 -1 22 7 -1 11 -1 92 -1 -1 -1 33 54 -1 -1 67 87 17 -1 80 -1 -1 67 76 -1 35 -1 -1 18 -1 -1 -1 13 -1 -1 -1 -1 -1 -1 78 77 60 -1 -1 69 81 67 43 -1 -1 21 -1 -1 -1 -1 66 -1 -1 -1 -1 -1 -1 -1 -1 34 51 -1 -1 -1 
24 -1 -1 -1 17 -1 -1 17 -1 -1 43 -1 -1 -1 18 -1 -1 20 -1 96 66 21 56 -1 8 -1 -1 83 81 80 -1 -1 55 -1 -1 -1 -1 69 -1 -1 -1 -1 46 -1 -1 -1 -1 -1 -1 40 3 -1 31 -1 88 86 -1 39 58 44 26 73 -1 97 -1 -1 -1 -1 -1 -1 -1 82 -1 -1 -1 -1 -1 -1 -1 -1 
-1 -1 -1 -1 54 -1 79 -1 -1 67 -1 -1 48 52 -1 -1 -1 13 -1 -1 8 86 73 94 24 -1 -1 -1 -1 -1 18 -1 47 -1 -1 -1 33 50 -1 36 30 -1 -1 -1 -1 -1 7 3 -1 100 -1 -1 -1 -1 73 2 89 -1 -1 31 -1 -1 4 -1 -1 82 -1 -1 -1 -1 -1 78 40 -1 69 -1 -1 -1 11 -1 
12 19 17 54 -1 -1 -1 58 -1 -1 -1 36 35 -1 -1 -1 23 74 -1 -1 -1 30 -1 -1 -1 -1 -1 -1 -1 -1 -1 -1 -1 15 -1 -1 -1 -1 -1 -1 -1 -1 -1 -1 -1 71 30 -1 98 37 59 17 -1 -1 -1 46 -1 55 -1 55 -1 -1 -1 -1 -1 78 -1 63 -1 86 52 -1 -1 -1 -1 -1 84 39 -1 50 
51 4 -1 -1 -1 -1 -1 -1 53 -1 59 10 -1 -1 -1 -1 -1 54 -1 -1 -1 93 -1 -1 43 -1 -1 32 -1 -1 -1 8 -1 -1 -1 -1 17 6 -1 -1 -1 -1 27 -1 82 85 -1 -1 87 -1 -1 68 38 -1 -1 -1 -1 11 -1 3 -1 -1 -1 -1 -1 -1 12 -1 -1 -1 -1 -1 19 -1 91 21 12 -1 -1 -1 
-1 45 -1 79 -1 -1 -1 33 -1 -1 -1 22 17 -1 -1 55 68 46 -1 -1 -1 84 -1 -1 -1 -1 -1 97 -1 -1 -1 -1 -1 -1 -1 87 96 -1 47 -1 -1 82 -1 -1 -1 83 44 -1 83 -1 -1 62 -1 -1 -1 1 -1 -1 -1 -1 99 -1 -1 -1 -1 77 86 97 61 -1 -1 -1 -1 -1 -1 2 -1 -1 -1 -1 
-1 -1 17 -1 58 -1 33 -1 -1 -1 -1 -1 -1 85 -1 -1 13 -1 41 54 83 -1 -1 41 -1 -1 -1 -1 -1 23 -1 -1 -1 -1 -1 -1 -1 -1 65 -1 -1 -1 -1 56 -1 -1 -1 36 -1 -1 -1 -1 -1 -1 -1 -1 -1 -1 -1 -1 -1 -1 -1 86 -1 -1 -1 55 28 -1 -1 -1 -1 -1 -1 -1 -1 22 -1 39 
-1 -1 -1 -1 -1 53 -1 -1 -1 -1 40 42 77 -1 9 -1 -1 68 47 57 31 -1 45 87 -1 -1 9 -1 69 -1 70 -1 -1 3 49 -1 -1 -1 59 -1 69 -1 92 5 -1 77 62 -1 12 -1 27 -1 20 80 -1 -1 -1 73 -1 -1 -1 -1 -1 -1 -1 -1 -1 33 53 -1 -1 35 -1 -1 -1 -1 -1 3 -1 67 
89 -1 -1 67 -1 -1 -1 -1 -1 -1 34 -1 93 -1 -1 -1 -1 -1 58 18 36 -1 15 -1 -1 21 -1 -1 63 -1 -1 -1 -1 95 -1 -1 88 18 85 91 -1 -1 -1 -1 -1 43 -1 16 8 -1 -1 -1 62 -1 -1 -1 65 -1 59 -1 -1 71 -1 -1 60 62 -1 -1 93 -1 35 63 -1 61 -1 -1 77 -1 -1 -1 
33 -1 43 -1 -1 59 -1 -1 40 34 -1 -1 -1 -1 -1 -1 -1 -1 28 -1 -1 -1 95 -1 -1 80 -1 38 -1 37 -1 -1 -1 -1 -1 -1 -1 64 -1 -1 37 -1 30 -1 26 -1 -1 54 -1 -1 -1 -1 48 27 76 -1 -1 -1 86 -1 22 -1 -1 -1 41 37 84 25 -1 -1 -1 -1 -1 92 -1 85 -1 8 -1 -1 
-1 -1 -1 -1 36 10 22 -1 42 -1 -1 -1 -1 -1 -1 10 -1 -1 -1 -1 -1 63 -1 88 -1 -1 33 43 -1 -1 -1 -1 -1 -1 72 -1 7 41 -1 -1 13 71 -1 -1 98 -1 -1 28 -1 -1 36 8 -1 84 -1 -1 5 30 -1 -1 31 -1 -1 28 -1 -1 -1 68 71 -1 95 95 72 12 -1 -1 -1 87 50 -1 
-1 -1 -1 48 35 -1 17 -1 77 93 -1 -1 -1 8 -1 65 -1 -1 -1 -1 48 14 -1 87 -1 -1 30 -1 -1 -1 -1 38 -1 -1 -1 -1 -1 -1 -1 -1 -1 -1 -1 -1 14 -1 11 90 -1 -1 -1 -1 38 74 -1 57 22 55 96 -1 -1 -1 -1 -1 -1 -1 -1 55 -1 90 -1 34 66 -1 -1 -1 -1 -1 87 92 
-1 22 -1 52 -1 -1 -1 85 -1 -1 -1 -1 8 -1 -1 -1 -1 65 -1 -1 -1 -1 75 -1 76 30 -1 43 -1 24 -1 -1 -1 -1 -1 -1 67 -1 91 -1 16 -1 100 -1 -1 -1 -1 58 -1 -1 -1 -1 -1 -1 -1 -1 48 -1 -1 21 -1 -1 38 54 -1 -1 13 -1 92 81 -1 -1 -1 -1 -1 -1 7 -1 -1 -1 
-1 7 18 -1 -1 -1 -1 -1 9 -1 -1 -1 -1 -1 -1 -1 -1 -1 56 -1 -1 88 -1 -1 -1 68 -1 -1 42 -1 -1 7 -1 -1 18 -1 48 52 58 -1 -1 56 -1 -1 -1 -1 -1 39 -1 13 2 87 -1 -1 -1 -1 -1 64 -1 -1 -1 -1 31 39 86 -1 34 19 -1 -1 -1 -1 -1 29 59 -1 4 -1 100 -1 
-1 -1 -1 -1 -1 -1 55 -1 -1 -1 -1 10 65 -1 -1 -1 -1 -1 -1 -1 -1 -1 -1 12 -1 33 99 -1 -1 -1 89 -1 86 36 -1 4 -1 75 41 -1 2 -1 -1 -1 32 -1 41 -1 -1 27 -1 -1 -1 -1 -1 -1 -1 -1 -1 -1 -1 -1 -1 -1 45 41 -1 60 4 -1 -1 -1 -1 -1 8 59 -1 -1 -1 6 
94 11 -1 -1 23 -1 68 13 -1 -1 -1 -1 -1 -1 -1 -1 -1 48 24 -1 -1 -1 41 33 -1 -1 5 -1 -1 -1 58 -1 -1 85 -1 -1 -1 -1 -1 63 5 -1 52 49 58 50 -1 -1 14 -1 -1 -1 -1 -1 -1 -1 83 -1 -1 -1 96 65 -1 -1 7 -1 -1 -1 65 -1 -1 -1 86 -1 51 27 -1 69 91 -1 
-1 -1 20 13 74 54 46 -1 68 -1 -1 -1 -1 65 -1 -1 48 -1 -1 78 98 -1 -1 -1 -1 -1 -1 62 -1 -1 -1 90 84 -1 -1 -1 -1 -1 25 -1 -1 25 -1 -1 22 71 -1 -1 -1 -1 -1 13 26 -1 -1 -1 -1 -1 -1 93 52 1 -1 -1 -1 -1 -1 -1 -1 84 -1 -1 -1 -1 46 -1 -1 43 -1 37 
2 92 -1 -1 -1 -1 -1 41 47 58 28 -1 -1 -1 56 -1 24 -1 -1 -1 42 7 -1 -1 -1 40 -1 -1 -1 -1 -1 72 -1 -1 -1 -1 28 -1 -1 22 -1 -1 -1 -1 65 -1 68 33 63 -1 -1 100 20 -1 32 -1 -1 -1 70 94 -1 21 48 -1 -1 -1 -1 -1 80 -1 -1 43 12 90 5 -1 -1 -1 -1 -1 
-1 -1 96 -1 -1 -1 -1 54 57 18 -1 -1 -1 -1 -1 -1 -1 78 -1 -1 81 20 4 -1 -1 -1 -1 -1 -1 -1 88 -1 89 43 51 67 -1 -1 -1 -1 64 -1 -1 79 -1 78 -1 21 -1 -1 -1 -1 -1 -1 -1 93 -1 10 -1 -1 -1 27 -1 -1 -1 8 42 -1 86 -1 -1 -1 -1 -1 -1 -1 -1 -1 -1 -1 
23 -1 66 8 -1 -1 -1 83 31 36 -1 -1 48 -1 -1 -1 -1 98 42 81 -1 -1 -1 94 -1 -1 -1 -1 53 -1 -1 -1 -1 24 -1 -1 -1 19 65 -1 -1 55 90 72 -1 -1 -1 6 -1 -1 -1 -1 -1 74 57 -1 -1 41 -1 -1 -1 -1 88 42 -1 -1 77 59 -1 -1 69 -1 91 89 -1 97 -1 -1 90 -1 
-1 -1 21 86 30 93 84 -1 -1 -1 -1 63 14 -1 88 -1 -1 -1 7 20 -1 -1 92 -1 -1 20 -1 5 -1 -1 -1 -1 -1 -1 -1 -1 -1 45 -1 -1 -1 -1 -1 -1 -1 -1 -1 91 -1 52 -1 -1 -1 -1 -1 -1 -1 91 -1 30 -1 -1 -1 42 -1 -1 -1 15 -1 65 -1 -1 -1 -1 -1 27 -1 -1 -1 -1 
-1 33 56 73 -1 -1 -1 -1 45 15 95 -1 -1 75 -1 -1 41 -1 -1 4 -1 92 -1 -1 -1 -1 -1 -1 -1 21 -1 -1 -1 -1 41 -1 -1 3 78 -1 -1 67 -1 64 26 23 92 -1 38 -1 -1 -1 -1 40 -1 41 -1 -1 -1 -1 -1 -1 -1 -1 -1 46 50 30 18 66 90 -1 43 21 58 -1 -1 76 98 14 
22 54 -1 94 -1 -1 -1 41 87 -1 -1 88 87 -1 -1 12 33 -1 -1 -1 94 -1 -1 -1 -1 50 -1 -1 96 -1 86 -1 79 -1 -1 -1 64 7 88 -1 16 -1 -1 -1 92 97 54 -1 -1 -1 65 -1 -1 50 28 -1 -1 47 26 -1 -1 -1 17 -1 -1 -1 51 -1 87 -1 -1 -1 -1 -1 -1 -1 -1 49 -1 -1 
-1 -1 8 24 -1 43 -1 -1 -1 -1 -1 -1 -1 76 -1 -1 -1 -1 -1 -1 -1 -1 -1 -1 -1 48 -1 81 -1 -1 9 35 -1 16 9 14 -1 -1 -1 -1 -1 -1 93 80 -1 10 -1 -1 -1 -1 -1 -1 -1 52 -1 13 37 -1 34 59 63 92 15 -1 -1 89 30 -1 15 -1 -1 78 37 -1 -1 43 -1 -1 -1 81 
3 -1 -1 -1 -1 -1 -1 -1 -1 21 80 -1 -1 30 68 33 -1 -1 40 -1 -1 20 -1 50 48 -1 -1 -1 -1 60 -1 -1 -1 -1 -1 -1 -1 95 -1 -1 2 -1 3 -1 17 52 -1 22 94 -1 -1 -1 90 17 98 5 23 2 19 -1 -1 -1 -1 88 -1 -1 -1 -1 22 81 100 -1 -1 -1 -1 7 52 -1 -1 -1 
-1 67 -1 -1 -1 -1 -1 -1 9 -1 -1 33 30 -1 -1 99 5 -1 -1 -1 -1 -1 -1 -1 -1 -1 -1 -1 -1 -1 97 71 -1 72 12 -1 -1 -1 -1 -1 19 -1 10 46 27 -1 98 -1 -1 -1 -1 90 67 18 83 82 -1 -1 -1 -1 -1 -1 -1 54 -1 -1 -1 7 -1 -1 -1 -1 8 -1 -1 99 -1 -1 -1 -1 
-1 87 83 -1 -1 32 97 -1 -1 -1 38 43 -1 43 -1 -1 -1 62 -1 -1 -1 5 -1 -1 81 -1 -1 -1 -1 40 58 -1 -1 8 -1 -1 -1 -1 -1 -1 -1 -1 90 69 -1 2 77 -1 9 -1 64 -1 14 -1 -1 -1 97 -1 55 -1 98 36 -1 -1 11 -1 -1 -1 33 40 11 -1 42 -1 -1 -1 77 33 -1 30 
-1 17 81 -1 -1 -1 -1 -1 69 63 -1 -1 -1 -1 42 -1 -1 -1 -1 -1 53 -1 -1 96 -1 -1 -1 -1 -1 -1 -1 -1 -1 -1 -1 57 -1 68 -1 -1 57 -1 76 -1 -1 61 1 14 -1 -1 -1 -1 69 47 -1 78 -1 24 -1 3 -1 -1 -1 30 -1 15 -1 -1 -1 2 -1 -1 16 31 -1 -1 -1 -1 -1 -1 
-1 -1 80 -1 -1 -1 -1 23 -1 -1 37 -1 -1 24 -1 -1 -1 -1 -1 -1 -1 -1 21 -1 -1 60 -1 40 -1 -1 -1 -1 -1 5 -1 -1 -1 -1 -1 -1 -1 39 69 -1 -1 50 -1 77 54 -1 -1 -1 -1 80 -1 56 -1 -1 -1 51 -1 -1 -1 -1 48 -1 -1 -1 -1 -1 -1 75 -1 -1 -1 -1 35 -1 -1 -1 
-1 80 -1 18 -1 -1 -1 -1 70 -1 -1 -1 -1 -1 -1 89 58 -1 -1 88 -1 -1 -1 86 9 -1 97 58 -1 -1 -1 -1 -1 -1 -1 -1 -1 59 -1 -1 -1 38 -1 44 -1 -1 2 -1 -1 -1 -1 -1 -1 -1 -1 27 19 -1 90 -1 37 84 84 6 -1 -1 -1 -1 -1 -1 18 -1 36 7 78 -1 52 -1 -1 -1 
49 -1 -1 -1 -1 8 -1 -1 -1 -1 -1 -1 38 -1 7 -1 -1 90 72 -1 -1 -1 -1 -1 35 -1 71 -1 -1 -1 -1 -1 -1 68 -1 -1 -1 -1 24 -1 93 -1 84 -1 -1 13 -1 -1 -1 -1 -1 -1 -1 93 71 -1 -1 -1 81 -1 79 -1 -1 76 -1 -1 100 24 -1 -1 3 -1 65 -1 -1 -1 -1 -1 -1 -1 
-1 -1 55 47 -1 -1 -1 -1 -1 -1 -1 -1 -1 -1 -1 86 -1 84 -1 89 -1 -1 -1 79 -1 -1 -1 -1 -1 -1 -1 -1 -1 -1 5 4 67 -1 -1 -1 -1 -1 73 12 -1 -1 -1 -1 -1 -1 -1 -1 44 -1 -1 -1 -1 -1 -1 -1 8 -1 -1 -1 -1 -1 -1 -1 40 -1 -1 62 -1 -1 -1 64 -1 -1 35 -1 
-1 67 -1 -1 15 -1 -1 -1 3 95 -1 -1 -1 -1 -1 36 85 -1 -1 43 24 -1 -1 -1 16 -1 72 8 -1 5 -1 68 -1 -1 -1 -1 53 58 56 15 -1 -1 -1 17 -1 28 -1 16 -1 -1 -1 61 -1 34 44 -1 -1 -1 71 -1 -1 -1 37 64 -1 61 90 -1 -1 28 60 -1 -1 -1 65 -1 86 -1 -1 45 
-1 76 -1 -1 -1 -1 -1 -1 49 -1 -1 72 -1 -1 18 -1 -1 -1 -1 51 -1 -1 41 -1 9 -1 12 -1 -1 -1 -1 -1 5 -1 -1 -1 -1 59 4 -1 -1 -1 72 -1 81 -1 -1 -1 -1 73 48 91 -1 52 -1 -1 74 -1 -1 -1 -1 11 -1 53 -1 41 -1 26 -1 -1 -1 -1 -1 -1 -1 -1 -1 -1 -1 -1 
-1 -1 -1 -1 -1 -1 87 -1 -1 -1 -1 -1 -1 -1 -1 4 -1 -1 -1 67 -1 -1 -1 -1 14 -1 -1 -1 57 -1 -1 -1 4 -1 -1 -1 -1 -1 -1 -1 -1 -1 -1 -1 -1 86 -1 -1 49 -1 34 -1 -1 -1 -1 -1 -1 -1 7 -1 26 -1 -1 -1 34 -1 46 25 5 45 -1 -1 -1 71 -1 -1 -1 35 -1 -1 
-1 35 -1 33 -1 17 96 -1 -1 88 -1 7 -1 67 48 -1 -1 -1 28 -1 -1 -1 -1 64 -1 -1 -1 -1 -1 -1 -1 -1 67 53 -1 -1 -1 90 -1 -1 66 -1 -1 -1 -1 -1 41 65 69 80 98 -1 -1 -1 -1 -1 -1 73 -1 -1 -1 -1 75 91 89 36 -1 -1 -1 -1 5 -1 -1 -1 -1 -1 76 44 13 50 
13 -1 69 50 -1 6 -1 -1 -1 18 64 41 -1 -1 52 75 -1 -1 -1 -1 19 45 3 7 -1 95 -1 -1 68 -1 59 -1 -1 58 59 -1 90 -1 -1 64 -1 6 -1 -1 -1 -1 -1 -1 -1 -1 -1 -1 -1 -1 -1 -1 -1 -1 -1 71 -1 -1 84 -1 53 -1 -1 -1 -1 -1 32 -1 -1 -1 -1 -1 70 39 -1 -1 
-1 -1 -1 -1 -1 -1 47 65 59 85 -1 -1 -1 91 58 41 -1 25 -1 -1 65 -1 78 88 -1 -1 -1 -1 -1 -1 -1 24 -1 56 4 -1 -1 -1 -1 -1 -1 26 -1 -1 -1 -1 20 -1 -1 99 -1 -1 -1 -1 24 64 -1 -1 -1 -1 -1 98 55 -1 96 -1 50 3 -1 49 56 13 -1 -1 -1 -1 92 47 -1 -1 
66 18 -1 36 -1 -1 -1 -1 -1 91 -1 -1 -1 -1 -1 -1 63 -1 22 -1 -1 -1 -1 -1 -1 -1 -1 -1 -1 -1 -1 -1 -1 15 -1 -1 -1 64 -1 -1 -1 55 -1 9 -1 -1 37 70 -1 -1 81 43 8 -1 -1 -1 -1 80 -1 -1 -1 -1 -1 50 -1 90 -1 -1 58 -1 -1 -1 -1 -1 -1 86 -1 98 -1 -1 
-1 -1 -1 30 -1 -1 -1 -1 69 -1 37 13 -1 16 -1 2 5 -1 -1 64 -1 -1 -1 16 -1 2 19 -1 57 -1 -1 93 -1 -1 -1 -1 66 -1 -1 -1 -1 -1 67 -1 -1 -1 93 -1 50 -1 -1 93 -1 -1 -1 -1 -1 -1 32 -1 21 -1 -1 25 -1 -1 71 12 -1 -1 20 -1 6 -1 -1 20 -1 -1 -1 -1 
-1 -1 -1 -1 -1 -1 82 -1 -1 -1 -1 71 -1 -1 56 -1 -1 25 -1 -1 55 -1 67 -1 -1 -1 -1 -1 -1 39 38 -1 -1 -1 -1 -1 -1 6 26 55 -1 -1 -1 52 64 47 63 57 -1 -1 -1 -1 -1 -1 -1 -1 -1 -1 45 -1 -1 40 88 -1 -1 7 -1 -1 23 -1 -1 65 -1 9 -1 -1 86 78 68 -1 
-1 -1 46 -1 -1 27 -1 -1 92 -1 30 -1 -1 100 -1 -1 52 -1 -1 -1 90 -1 -1 -1 93 3 10 90 76 69 -1 84 73 -1 72 -1 -1 -1 -1 -1 67 -1 -1 -1 -1 40 -1 98 38 25 -1 -1 -1 98 -1 -1 -1 -1 -1 -1 -1 -1 33 -1 -1 -1 -1 -1 -1 -1 48 98 83 -1 -1 60 -1 98 -1 -1 
-1 13 -1 -1 -1 -1 -1 56 5 -1 -1 -1 -1 -1 -1 -1 49 -1 -1 79 72 -1 64 -1 80 -1 46 69 -1 -1 44 -1 12 17 -1 -1 -1 -1 -1 9 -1 52 -1 -1 -1 45 57 93 24 -1 69 -1 -1 -1 -1 -1 -1 69 -1 -1 79 -1 -1 -1 31 -1 -1 -1 -1 29 -1 -1 -1 -1 -1 -1 -1 -1 -1 39 
-1 -1 -1 -1 -1 82 -1 -1 -1 -1 26 98 14 -1 -1 32 58 22 65 -1 -1 -1 26 92 -1 17 27 -1 -1 -1 -1 -1 -1 -1 81 -1 -1 -1 -1 -1 -1 64 -1 -1 -1 -1 78 -1 -1 -1 86 -1 -1 -1 85 64 -1 -1 -1 -1 51 -1 -1 46 -1 -1 -1 -1 -1 48 -1 -1 -1 -1 -1 54 82 -1 49 4 
-1 -1 -1 -1 71 85 83 -1 77 43 -1 -1 -1 -1 -1 -1 50 71 -1 78 -1 -1 23 97 10 52 -1 2 61 50 -1 13 -1 28 -1 86 -1 -1 -1 -1 -1 47 40 45 -1 -1 -1 3 96 57 -1 -1 -1 92 -1 12 -1 -1 45 52 49 -1 42 -1 -1 -1 10 45 -1 -1 64 10 -1 -1 -1 19 -1 -1 -1 -1 
-1 -1 -1 7 30 -1 44 -1 62 -1 -1 -1 11 -1 -1 41 -1 -1 68 -1 -1 -1 92 54 -1 -1 98 77 1 -1 2 -1 -1 -1 -1 -1 41 -1 20 37 93 63 -1 57 78 -1 -1 -1 -1 13 53 31 -1 6 -1 -1 70 -1 71 -1 99 -1 83 72 -1 -1 48 -1 68 -1 -1 -1 -1 -1 22 -1 -1 36 -1 33 
-1 -1 -1 3 -1 -1 -1 36 -1 16 54 28 90 58 39 -1 -1 -1 33 21 6 91 -1 -1 -1 22 -1 -1 14 77 -1 -1 -1 16 -1 -1 65 -1 -1 70 -1 57 98 93 -1 3 -1 -1 75 -1 -1 80 58 -1 62 -1 -1 -1 65 -1 -1 83 -1 69 -1 -1 99 -1 -1 -1 75 -1 -1 20 100 -1 -1 73 53 -1 
-1 -1 -1 -1 98 87 83 -1 12 8 -1 -1 -1 -1 -1 -1 14 -1 63 -1 -1 -1 38 -1 -1 94 -1 9 -1 54 -1 -1 -1 -1 -1 49 69 -1 -1 -1 50 -1 38 24 -1 96 -1 75 -1 -1 99 -1 32 48 76 -1 -1 -1 -1 -1 -1 22 -1 -1 -1 -1 -1 -1 93 67 99 6 -1 -1 -1 -1 79 -1 -1 -1 
-1 -1 40 100 37 -1 -1 -1 -1 -1 -1 -1 -1 -1 13 27 -1 -1 -1 -1 -1 52 -1 -1 -1 -1 -1 -1 -1 -1 -1 -1 -1 -1 73 -1 80 -1 99 -1 -1 -1 25 -1 -1 57 13 -1 -1 -1 -1 41 41 -1 20 -1 -1 -1 -1 -1 -1 -1 -1 -1 36 -1 -1 -1 -1 -1 -1 -1 -1 35 85 -1 -1 -1 -1 -1 
25 78 3 -1 59 -1 -1 -1 27 -1 -1 36 -1 -1 2 -1 -1 -1 -1 -1 -1 -1 -1 65 -1 -1 -1 64 -1 -1 -1 -1 -1 -1 48 34 98 -1 -1 81 -1 -1 -1 69 86 -1 53 -1 99 -1 -1 47 -1 -1 51 -1 -1 -1 -1 51 -1 -1 86 43 12 -1 -1 -1 21 9 46 -1 -1 -1 60 -1 77 -1 24 36 
8 77 -1 -1 17 68 62 -1 -1 -1 -1 8 -1 -1 87 -1 -1 13 100 -1 -1 -1 -1 -1 -1 -1 90 -1 -1 -1 -1 -1 -1 61 91 -1 -1 -1 -1 43 93 -1 -1 -1 -1 -1 31 80 -1 41 47 -1 -1 -1 -1 62 -1 -1 -1 -1 -1 -1 19 32 -1 -1 25 -1 76 -1 -1 -1 51 45 49 -1 -1 -1 -1 -1 
-1 60 31 -1 -1 38 -1 -1 20 62 48 -1 38 -1 -1 -1 -1 26 20 -1 -1 -1 -1 -1 -1 90 67 14 69 -1 -1 -1 44 -1 -1 -1 -1 -1 -1 8 -1 -1 -1 -1 -1 -1 -1 58 32 41 -1 -1 -1 -1 -1 -1 80 -1 94 67 -1 79 -1 10 -1 -1 -1 -1 -1 -1 -1 -1 64 -1 -1 53 1 53 -1 -1 
-1 -1 -1 -1 -1 -1 -1 -1 80 -1 27 84 74 -1 -1 -1 -1 -1 -1 -1 74 -1 40 50 52 17 18 -1 47 80 -1 93 -1 34 52 -1 -1 -1 -1 -1 -1 -1 98 -1 -1 92 6 -1 48 -1 -1 -1 -1 -1 -1 -1 -1 23 44 -1 78 -1 -1 -1 41 10 -1 -1 -1 9 -1 -1 -1 56 -1 -1 -1 -1 -1 15 
-1 -1 88 73 -1 -1 -1 -1 -1 -1 76 -1 -1 -1 -1 -1 -1 -1 32 -1 57 -1 -1 28 -1 98 83 -1 -1 -1 -1 71 -1 44 -1 -1 -1 -1 24 -1 -1 -1 -1 -1 85 -1 -1 62 76 20 51 -1 -1 -1 -1 -1 -1 -1 39 -1 -1 -1 -1 -1 -1 29 -1 -1 79 -1 -1 -1 -1 -1 -1 18 98 -1 -1 -1 
28 69 86 2 46 -1 1 -1 -1 -1 -1 -1 57 -1 -1 -1 -1 -1 -1 93 -1 -1 41 -1 13 5 82 -1 78 56 27 -1 -1 -1 -1 -1 -1 -1 64 -1 -1 -1 -1 -1 64 12 -1 -1 -1 -1 -1 62 -1 -1 -1 -1 -1 -1 -1 -1 18 74 -1 -1 65 -1 -1 -1 -1 -1 -1 -1 -1 53 -1 55 -1 -1 47 -1 
-1 81 -1 89 -1 -1 -1 -1 -1 65 -1 5 22 48 -1 -1 83 -1 -1 -1 -1 -1 -1 -1 37 23 -1 97 -1 -1 19 -1 -1 -1 74 -1 -1 -1 -1 -1 -1 -1 -1 -1 -1 -1 70 -1 -1 -1 -1 -1 80 -1 -1 -1 -1 74 -1 38 -1 99 -1 -1 -1 9 49 -1 -1 -1 -1 -1 88 -1 84 -1 -1 54 -1 -1 
-1 67 39 -1 55 11 -1 -1 73 -1 -1 30 55 -1 64 -1 -1 -1 -1 10 41 91 -1 47 -1 2 -1 -1 24 -1 -1 -1 -1 -1 -1 -1 73 -1 -1 80 -1 -1 -1 69 -1 -1 -1 -1 -1 -1 -1 -1 -1 23 -1 -1 74 -1 64 -1 58 -1 -1 58 -1 5 -1 72 -1 -1 -1 -1 41 74 -1 53 -1 22 -1 -1 
20 43 58 -1 -1 -1 -1 -1 -1 59 86 -1 96 -1 -1 -1 -1 -1 70 -1 -1 -1 -1 26 34 19 -1 55 -1 -1 90 81 -1 71 -1 7 -1 -1 -1 -1 32 45 -1 -1 -1 45 71 65 -1 -1 -1 -1 94 44 39 -1 -1 64 -1 -1 -1 -1 64 -1 -1 -1 85 26 -1 55 -1 -1 -1 -1 14 -1 -1 30 -1 15 
-1 -1 44 31 55 3 -1 -1 -1 -1 -1 -1 -1 21 -1 -1 -1 93 94 -1 -1 30 -1 -1 59 -1 -1 -1 3 51 -1 -1 -1 -1 -1 -1 -1 71 -1 -1 -1 -1 -1 -1 -1 52 -1 -1 -1 -1 51 -1 67 -1 -1 -1 38 -1 -1 -1 -1 -1 -1 -1 45 -1 -1 -1 -1 81 -1 -1 -1 -1 34 -1 32 -1 -1 -1 
-1 -1 26 -1 -1 -1 99 -1 -1 -1 22 31 -1 -1 -1 -1 96 52 -1 -1 -1 -1 -1 -1 63 -1 -1 98 -1 -1 37 79 8 -1 -1 26 -1 -1 -1 -1 21 -1 -1 79 51 49 99 -1 -1 -1 -1 -1 -1 78 -1 18 -1 58 -1 -1 -1 -1 -1 29 -1 8 50 -1 -1 90 -1 79 53 -1 13 29 -1 81 61 -1 
-1 21 73 -1 -1 -1 -1 -1 -1 71 -1 -1 -1 -1 -1 -1 65 1 21 27 -1 -1 -1 -1 92 -1 -1 36 -1 -1 84 -1 -1 -1 11 -1 -1 -1 98 -1 -1 40 -1 -1 -1 -1 -1 83 22 -1 -1 -1 79 -1 -1 74 99 -1 -1 -1 -1 -1 -1 97 1 59 -1 95 -1 -1 13 -1 -1 -1 -1 -1 24 -1 57 -1 
-1 -1 -1 4 -1 -1 -1 -1 -1 -1 -1 -1 -1 38 31 -1 -1 -1 48 -1 88 -1 -1 17 15 -1 -1 -1 -1 -1 84 -1 -1 37 -1 -1 75 84 55 -1 -1 88 33 -1 -1 42 83 -1 -1 -1 86 19 -1 -1 -1 -1 -1 -1 64 -1 -1 -1 -1 86 7 -1 90 21 -1 -1 -1 1 -1 -1 67 -1 77 -1 -1 -1 
-1 -1 97 -1 -1 -1 -1 86 -1 -1 -1 28 -1 54 39 -1 -1 -1 -1 -1 42 42 -1 -1 -1 88 54 -1 30 -1 6 76 -1 64 53 -1 91 -1 -1 50 25 -1 -1 -1 46 -1 72 69 -1 -1 43 32 10 -1 -1 -1 -1 58 -1 -1 29 97 86 -1 -1 -1 72 -1 -1 43 39 -1 -1 -1 -1 69 -1 -1 18 83 
-1 -1 -1 -1 -1 -1 -1 -1 -1 60 41 -1 -1 -1 86 45 7 -1 -1 -1 -1 -1 -1 -1 -1 -1 -1 11 -1 48 -1 -1 -1 -1 -1 34 89 53 96 -1 -1 -1 -1 31 -1 -1 -1 -1 -1 36 12 -1 -1 41 -1 65 -1 -1 -1 45 -1 1 7 -1 -1 -1 -1 -1 -1 -1 13 -1 -1 -1 -1 -1 56 68 -1 -1 
-1 -1 -1 82 78 -1 77 -1 -1 62 37 -1 -1 -1 -1 41 -1 -1 -1 8 -1 -1 46 -1 89 -1 -1 -1 15 -1 -1 -1 -1 61 41 -1 36 -1 -1 90 -1 7 -1 -1 -1 -1 -1 -1 -1 -1 -1 -1 -1 10 29 -1 9 5 -1 -1 8 59 -1 -1 -1 -1 92 72 -1 -1 -1 -1 -1 62 -1 -1 27 -1 -1 -1 
43 66 -1 -1 -1 12 86 -1 -1 -1 84 -1 -1 13 34 -1 -1 -1 -1 42 77 -1 50 51 30 -1 -1 -1 -1 -1 -1 100 -1 90 -1 46 -1 -1 50 -1 71 -1 -1 -1 -1 10 48 99 -1 -1 -1 25 -1 -1 -1 -1 49 -1 85 -1 50 -1 90 72 -1 92 -1 -1 -1 90 -1 -1 62 -1 -1 93 -1 -1 16 -1 
12 -1 -1 -1 63 -1 97 55 33 -1 25 68 55 -1 19 60 -1 -1 -1 -1 59 15 30 -1 -1 -1 7 -1 -1 -1 -1 24 -1 -1 26 25 -1 -1 3 -1 12 -1 -1 -1 -1 45 -1 -1 -1 -1 -1 -1 -1 -1 -1 -1 -1 72 26 -1 -1 95 21 -1 -1 72 -1 -1 -1 -1 -1 -1 -1 -1 77 62 82 -1 -1 -1 
48 -1 -1 -1 -1 -1 61 28 53 93 -1 71 -1 92 -1 4 65 -1 80 86 -1 -1 18 87 15 22 -1 33 -1 -1 -1 -1 40 -1 -1 5 -1 -1 -1 58 -1 23 -1 -1 -1 -1 68 -1 93 -1 21 76 -1 -1 79 -1 -1 -1 -1 -1 -1 -1 -1 -1 -1 -1 -1 -1 -1 -1 -1 -1 -1 -1 -1 -1 -1 -1 -1 -1 
-1 -1 -1 -1 86 -1 -1 -1 -1 -1 -1 -1 90 81 -1 -1 -1 84 -1 -1 -1 65 66 -1 -1 81 -1 40 2 -1 -1 -1 -1 28 -1 45 -1 -1 49 -1 -1 -1 -1 29 48 -1 -1 -1 67 -1 9 -1 -1 9 -1 -1 -1 -1 55 81 90 -1 -1 43 -1 -1 90 -1 -1 -1 93 92 29 -1 50 54 -1 -1 63 -1 
-1 -1 -1 -1 52 -1 -1 -1 -1 35 -1 95 -1 -1 -1 -1 -1 -1 -1 -1 69 -1 90 -1 -1 100 -1 11 -1 -1 18 3 -1 60 -1 -1 5 32 56 -1 20 -1 48 -1 -1 64 -1 75 99 -1 46 -1 -1 -1 -1 -1 -1 -1 -1 -1 -1 13 -1 39 13 -1 -1 -1 -1 93 -1 -1 -1 34 -1 -1 -1 -1 -1 86 
-1 -1 82 78 -1 -1 -1 -1 35 63 -1 95 34 -1 -1 -1 -1 -1 43 -1 -1 -1 -1 -1 78 -1 -1 -1 -1 75 -1 -1 62 -1 -1 -1 -1 -1 13 -1 -1 65 98 -1 -1 10 -1 -1 6 -1 -1 -1 -1 -1 -1 -1 -1 -1 -1 -1 79 -1 1 -1 -1 -1 -1 -1 -1 92 -1 -1 -1 -1 -1 -1 23 -1 100 -1 
78 -1 -1 40 -1 19 -1 -1 -1 -1 -1 72 66 -1 -1 -1 86 -1 12 -1 91 -1 43 -1 37 -1 8 42 16 -1 36 65 -1 -1 -1 -1 -1 -1 -1 -1 6 -1 83 -1 -1 -1 -1 -1 -1 -1 -1 51 64 -1 -1 -1 88 41 -1 -1 53 -1 -1 -1 -1 -1 62 -1 -1 29 -1 -1 -1 -1 90 -1 -1 -1 26 -1 
4 -1 -1 -1 -1 -1 -1 -1 -1 61 92 12 -1 -1 29 -1 -1 -1 90 -1 89 -1 21 -1 -1 -1 -1 -1 31 -1 7 -1 -1 -1 -1 71 -1 -1 -1 -1 -1 9 -1 -1 -1 -1 -1 20 -1 35 -1 45 -1 56 -1 53 -1 74 -1 -1 -1 -1 -1 -1 -1 62 -1 -1 -1 -1 34 -1 -1 -1 -1 -1 -1 16 -1 -1 
-1 -1 -1 69 -1 91 -1 -1 -1 -1 -1 -1 -1 -1 59 8 51 46 5 -1 -1 -1 58 -1 -1 -1 -1 -1 -1 -1 78 -1 -1 65 -1 -1 -1 -1 -1 -1 -1 -1 -1 -1 -1 -1 22 100 -1 85 60 49 -1 -1 -1 -1 84 -1 14 34 13 -1 67 -1 -1 -1 -1 77 -1 50 -1 -1 90 -1 -1 99 -1 -1 -1 -1 
18 34 -1 -1 -1 21 2 -1 -1 -1 85 -1 -1 -1 -1 59 27 -1 -1 -1 97 27 -1 -1 43 7 99 -1 -1 -1 -1 -1 64 -1 -1 -1 -1 -1 -1 86 20 -1 60 -1 54 19 -1 -1 -1 -1 -1 -1 53 -1 18 55 -1 53 -1 -1 29 -1 -1 69 -1 -1 93 62 -1 54 -1 -1 -1 -1 99 -1 99 -1 -1 -1 
-1 51 -1 -1 84 12 -1 -1 -1 77 -1 -1 -1 7 4 -1 -1 -1 -1 -1 -1 -1 -1 -1 -1 52 -1 77 -1 35 52 -1 -1 86 -1 -1 76 70 92 -1 -1 86 -1 -1 82 -1 -1 -1 79 -1 77 -1 1 -1 98 -1 -1 -1 -1 32 -1 24 77 -1 56 27 -1 82 -1 -1 -1 23 -1 -1 -1 99 -1 13 -1 -1 
-1 -1 -1 -1 39 -1 -1 22 3 -1 8 87 -1 -1 -1 -1 69 43 -1 -1 -1 -1 76 49 -1 -1 -1 33 -1 -1 -1 -1 -1 -1 -1 35 44 39 47 98 -1 78 98 -1 -1 -1 36 73 -1 -1 -1 -1 53 -1 -1 -1 54 22 30 -1 81 -1 -1 -1 68 -1 -1 -1 -1 -1 -1 -1 -1 16 -1 -1 13 -1 83 -1 
-1 -1 -1 11 -1 -1 -1 -1 -1 -1 -1 50 87 -1 100 -1 91 -1 -1 -1 90 -1 98 -1 -1 -1 -1 -1 -1 -1 -1 -1 35 -1 -1 -1 13 -1 -1 -1 -1 68 -1 -1 49 -1 -1 53 -1 -1 24 -1 -1 -1 -1 47 -1 -1 -1 -1 61 57 -1 18 -1 -1 16 -1 -1 63 -1 100 26 -1 -1 -1 -1 83 -1 -1 
-1 -1 -1 -1 50 -1 -1 39 67 -1 -1 -1 92 -1 -1 6 -1 37 -1 -1 -1 -1 14 -1 81 -1 -1 30 -1 -1 -1 -1 -1 45 -1 -1 50 -1 -1 -1 -1 -1 -1 39 4 -1 33 -1 -1 -1 36 -1 -1 15 -1 -1 -1 -1 15 -1 -1 -1 -1 83 -1 -1 -1 -1 -1 -1 86 -1 -1 -1 -1 -1 -1 -1 -1 -1 
