100
-1 21 -1 -1 61 -1 -1 -1 -1 -1 -1 -1 99 -1 -1 -1 -1 -1 -1 3 -1 1 -1 -1 -1 -1 21 -1 -1 -1 -1 -1 -1 21 -1 -1 -1 -1 -1 -1 -1 45 -1 7 -1 67 -1 -1 -1 -1 -1 -1 13 -1 42 61 5 -1 42 61 -1 24 -1 83 -1 -1 -1 -1 -1 -1 -1 29 41 24 -1 -1 -1 -1 -1 -1 16 -1 -1 -1 -1 -1 -1 59 80 48 24 -1 -1 -1 -1 -1 46 32 -1 33 
21 -1 -1 -1 -1 -1 96 -1 -1 -1 -1 -1 -1 -1 -1 -1 55 98 -1 -1 -1 -1 -1 -1 37 -1 77 -1 -1 75 91 69 -1 72 30 34 -1 -1 -1 -1 93 2 -1 -1 -1 -1 -1 20 -1 -1 -1 88 7 -1 -1 -1 -1 -1 -1 -1 62 -1 -1 -1 10 -1 35 -1 -1 -1 -1 58 -1 -1 -1 -1 85 -1 -1 -1 -1 -1 -1 78 -1 -1 40 45 -1 3 -1 -1 89 85 -1 89 83 -1 33 85 
-1 -1 -1 -1 -1 -1 -1 -1 -1 -1 68 -1 25 43 56 -1 64 53 78 -1 69 -1 -1 -1 -1 84 17 -1 -1 -1 46 -1 77 31 46 -1 -1 -1 -1 91 39 -1 -1 67 84 94 -1 12 -1 -1 32 -1 -1 -1 100 86 13 28 78 65 -1 -1 80 -1 -1 -1 -1 -1 -1 49 83 -1 -1 30 -1 -1 -1 97 11 -1 25 -1 36 -1 57 -1 -1 19 -1 33 33 -1 -1 88 -1 -1 75 10 -1 -1 
-1 -1 -1 -1 -1 -1 81 -1 79 33 -1 -1 -1 12 -1 -1 -1 -1 -1 95 23 31 -1 86 -1 -1 44 80 -1 -1 -1 17 -1 -1 11 11 -1 24 -1 -1 -1 12 -1 -1 -1 -1 -1 -1 18 -1 -1 -1 -1 -1 -1 1 -1 -1 -1 18 -1 44 -1 25 -1 -1 -1 -1 -1 -1 58 -1 -1 -1 25 -1 87 -1 50 59 -1 37 -1 -1 -1 75 -1 -1 2 -1 8 -1 -1 -1 85 -1 27 -1 -1 -1 
61 -1 -1 -1 -1 -1 -1 33 -1 -1 -1 -1 -1 -1 -1 -1 -1 82 15 67 -1 -1 -1 -1 -1 -1 -1 -1 -1 99 -1 -1 -1 -1 -1 33 -1 42 -1 -1 -1 50 -1 41 92 48 35 -1 -1 -1 29 1 22 -1 54 38 -1 70 -1 -1 -1 -1 48 -1 -1 -1 66 99 -1 -1 -1 -1 -1 -1 22 81 -1 -1 7 60 -1 63 -1 -1 -1 -1 -1 -1 -1 -1 54 94 -1 38 -1 -1 -1 -1 62 -1 
-1 -1 -1 -1 -1 -1 -1 -1 71 89 35 -1 54 -1 62 48 -1 26 -1 -1 -1 -1 47 -1 43 88 23 -1 -1 -1 40 -1 11 -1 -1 -1 -1 -1 -1 42 -1 -1 5 -1 95 -1 -1 -1 94 15 -1 -1 -1 -1 -1 53 73 30 -1 -1 21 61 -1 96 19 76 -1 90 -1 36 -1 -1 -1 -1 -1 -1 -1 49 -1 -1 -1 47 21 77 -1 88 23 -1 -1 -1 -1 45 -1 -1 -1 30 -1 -1 -1 -1 
-1 96 -1 81 -1 -1 -1 38 -1 -1 -1 22 -1 29 79 55 -1 -1 -1 47 39 -1 -1 -1 -1 -1 -1 -1 -1 -1 -1 -1 53 62 -1 -1 -1 6 28 47 -1 -1 -1 -1 -1 -1 87 -1 -1 -1 2 -1 -1 7 -1 -1 -1 17 -1 -1 92 47 -1 97 -1 94 -1 9 -1 16 13 -1 37 63 14 -1 -1 69 -1 -1 -1 -1 58 -1 84 -1 -1 -1 -1 -1 -1 -1 -1 -1 -1 -1 -1 30 81 -1 
-1 -1 -1 -1 33 -1 38 -1 -1 -1 -1 7 -1 -1 -1 71 13 -1 -1 95 -1 -1 -1 87 76 -1 -1 -1 -1 -1 -1 -1 19 -1 67 60 -1 64 12 66 -1 61 9 -1 30 -1 26 -1 82 -1 89 -1 86 -1 44 91 -1 18 -1 27 -1 -1 -1 -1 -1 -1 -1 -1 57 21 -1 77 -1 18 -1 -1 -1 -1 -1 -1 -1 -1 13 83 -1 90 -1 -1 -1 -1 -1 -1 -1 77 -1 26 -1 67 -1 -1 
-1 -1 -1 79 -1 71 -1 -1 -1 -1 -1 -1 -1 11 -1 -1 74 -1 -1 -1 37 -1 -1 -1 -1 38 91 -1 17 -1 -1 -1 -1 -1 -1 72 61 -1 -1 -1 17 18 -1 28 -1 -1 -1 -1 47 43 -1 68 -1 -1 -1 -1 -1 52 37 -1 38 -1 -1 75 70 -1 49 64 61 -1 -1 1 -1 -1 -1 62 -1 40 33 -1 -1 -1 -1 38 -1 -1 70 -1 -1 -1 -1 -1 -1 24 -1 24 -1 73 1 -1 
-1 -1 -1 33 -1 89 -1 -1 -1 -1 -1 -1 80 63 -1 80 -1 13 -1 -1 -1 -1 15 -1 59 -1 -1 -1 58 -1 -1 -1 38 -1 16 -1 99 -1 -1 -1 42 -1 -1 85 68 -1 48 66 -1 100 43 -1 -1 -1 -1 -1 12 -1 -1 95 57 -1 51 -1 70 59 -1 -1 -1 -1 -1 91 -1 -1 -1 -1 30 67 -1 82 -1 -1 -1 -1 -1 3 76 -1 -1 -1 -1 -1 60 -1 -1 -1 -1 -1 8 -1 
-1 -1 68 -1 -1 35 -1 -1 -1 -1 -1 46 71 -1 -1 40 -1 8 -1 -1 -1 -1 -1 -1 -1 -1 -1 67 69 -1 -1 -1 -1 -1 47 50 -1 -1 -1 -1 47 -1 50 -1 -1 -1 -1 -1 -1 -1 -1 95 69 -1 -1 78 -1 39 67 -1 -1 -1 19 11 -1 26 20 -1 -1 -1 16 25 -1 -1 31 33 -1 -1 -1 -1 -1 -1 25 -1 -1 -1 -1 34 89 -1 -1 57 -1 -1 27 -1 -1 51 3 -1 
-1 -1 -1 -1 -1 -1 22 7 -1 -1 46 -1 5 -1 52 47 -1 88 -1 22 -1 -1 -1 42 100 -1 65 76 -1 -1 49 38 -1 -1 -1 63 -1 -1 15 -1 36 -1 -1 53 41 -1 -1 51 -1 84 -1 -1 27 -1 -1 62 32 -1 -1 65 87 -1 -1 -1 -1 100 67 -1 -1 -1 40 23 1 -1 90 -1 -1 -1 -1 32 49 -1 -1 -1 -1 -1 39 -1 38 -1 -1 32 -1 25 -1 -1 -1 -1 -1 56 
99 -1 25 -1 -1 54 -1 -1 -1 80 71 5 -1 97 -1 -1 72 -1 90 -1 -1 -1 -1 -1 63 -1 -1 11 -1 -1 39 -1 -1 -1 21 35 -1 -1 -1 -1 -1 83 -1 -1 43 91 93 -1 -1 56 -1 7 -1 18 -1 -1 -1 -1 -1 -1 -1 -1 -1 24 -1 -1 4 -1 -1 -1 -1 -1 -1 -1 -1 -1 -1 -1 67 -1 -1 -1 -1 -1 -1 -1 70 -1 -1 -1 -1 51 -1 97 97 -1 15 -1 30 -1 
-1 -1 43 12 -1 -1 29 -1 11 63 -1 -1 97 -1 -1 -1 76 -1 95 18 -1 -1 -1 -1 87 -1 -1 -1 -1 -1 -1 -1 -1 -1 85 -1 48 -1 -1 -1 61 -1 -1 -1 31 -1 -1 -1 -1 61 85 -1 43 82 -1 -1 -1 -1 8 -1 -1 98 -1 55 -1 -1 -1 -1 -1 -1 -1 -1 -1 -1 -1 -1 -1 75 -1 81 25 34 -1 -1 -1 -1 -1 51 20 32 -1 -1 1 -1 -1 -1 16 32 27 -1 
-1 -1 56 -1 -1 62 79 -1 -1 -1 -1 52 -1 -1 -1 -1 34 -1 -1 -1 -1 -1 -1 -1 87 -1 -1 -1 -1 -1 -1 -1 -1 50 -1 -1 -1 -1 -1 -1 69 23 76 -1 4 -1 -1 59 -1 -1 -1 -1 -1 -1 -1 -1 -1 -1 -1 -1 -1 -1 86 16 -1 -1 -1 -1 -1 -1 -1 -1 -1 75 -1 -1 -1 -1 -1 55 -1 5 7 89 -1 -1 -1 -1 65 24 48 -1 -1 -1 -1 -1 -1 -1 -1 -1 
-1 -1 -1 -1 -1 48 55 71 -1 80 40 47 -1 -1 -1 -1 67 37 -1 -1 -1 -1 75 50 -1 -1 -1 -1 -1 -1 -1 -1 5 95 -1 50 -1 -1 43 49 -1 -1 -1 20 -1 -1 31 60 -1 -1 -1 -1 -1 -1 71 1 60 -1 -1 -1 -1 86 -1 -1 -1 75 -1 85 77 -1 -1 -1 -1 96 75 -1 31 60 -1 -1 21 -1 -1 -1 69 62 -1 -1 -1 -1 -1 73 -1 -1 -1 -1 -1 -1 -1 -1 
-1 55 64 -1 -1 -1 -1 13 74 -1 -1 -1 72 76 34 67 -1 -1 72 79 -1 -1 41 18 2 -1 60 -1 -1 -1 -1 19 -1 -1 -1 40 36 -1 -1 -1 39 99 -1 -1 -1 47 7 4 95 -1 -1 -1 -1 -1 -1 -1 99 95 -1 -1 75 92 -1 -1 47 -1 -1 9 -1 -1 74 -1 -1 65 24 52 39 -1 -1 55 -1 -1 -1 -1 -1 -1 17 -1 -1 -1 -1 -1 -1 -1 5 -1 -1 -1 -1 -1 
-1 98 53 -1 82 26 -1 -1 -1 13 8 88 -1 -1 -1 37 -1 -1 -1 -1 -1 65 73 -1 -1 -1 -1 -1 -1 74 -1 65 -1 -1 -1 -1 50 30 -1 -1 -1 33 -1 -1 -1 -1 -1 -1 -1 36 -1 -1 -1 70 -1 20 -1 -1 -1 46 -1 26 -1 -1 -1 98 -1 -1 -1 -1 -1 -1 -1 -1 -1 1 -1 -1 -1 -1 81 -1 -1 -1 -1 16 -1 -1 -1 -1 -1 -1 32 -1 -1 42 -1 38 -1 99 
-1 -1 78 -1 15 -1 -1 -1 -1 -1 -1 -1 90 95 -1 -1 72 -1 -1 -1 -1 50 -1 65 41 -1 13 -1 52 -1 -1 64 91 19 -1 27 59 -1 28 91 17 25 18 -1 -1 -1 72 -1 -1 -1 2 -1 -1 -1 -1 -1 -1 97 -1 -1 -1 39 -1 -1 -1 -1 -1 47 -1 -1 -1 -1 -1 -1 -1 -1 -1 97 -1 -1 37 35 20 30 -1 -1 -1 -1 -1 -1 80 -1 -1 -1 37 -1 96 -1 -1 -1 
3 -1 -1 95 67 -1 47 95 -1 -1 -1 22 -1 18 -1 -1 79 -1 -1 -1 -1 -1 -1 10 -1 78 -1 -1 -1 -1 -1 -1 -1 97 5 -1 -1 -1 -1 -1 13 56 62 -1 -1 1 -1 -1 -1 -1 89 -1 -1 -1 25 -1 -1 -1 -1 70 12 4 -1 69 -1 -1 -1 27 -1 -1 31 -1 -1 62 -1 59 42 -1 23 -1 -1 -1 -1 38 -1 22 -1 -1 -1 -1 58 -1 -1 -1 -1 -1 -1 98 3 -1 
-1 -1 69 23 -1 -1 39 -1 37 -1 -1 -1 -1 -1 -1 -1 -1 -1 -1 -1 -1 -1 -1 -1 41 -1 22 -1 -1 44 -1 -1 43 36 -1 -1 17 -1 -1 -1 89 95 -1 -1 96 -1 -1 -1 -1 -1 55 -1 -1 -1 93 -1 32 -1 -1 -1 -1 3 -1 17 6 83 -1 -1 31 -1 -1 -1 -1 -1 -1 -1 94 -1 78 84 19 -1 64 -1 -1 15 65 -1 43 40 -1 -1 72 -1 47 -1 -1 -1 -1 -1 
1 -1 -1 31 -1 -1 -1 -1 -1 -1 -1 -1 -1 -1 -1 -1 -1 65 50 -1 -1 -1 28 -1 38 -1 38 -1 9 -1 79 83 -1 -1 -1 1 -1 -1 90 -1 -1 -1 -1 -1 -1 -1 -1 -1 -1 -1 18 77 11 -1 -1 -1 53 -1 -1 -1 21 -1 12 78 -1 -1 71 3 -1 35 -1 -1 -1 54 13 14 -1 -1 -1 -1 71 -1 -1 -1 -1 78 -1 -1 35 -1 -1 5 -1 50 -1 1 -1 84 -1 -1 
-1 -1 -1 -1 -1 47 -1 -1 -1 15 -1 -1 -1 -1 -1 75 41 73 -1 -1 -1 28 -1 1 -1 36 37 -1 -1 -1 -1 45 -1 61 -1 -1 -1 -1 87 2 96 -1 -1 -1 61 -1 -1 -1 -1 30 32 -1 -1 -1 83 -1 -1 -1 -1 -1 74 -1 -1 95 -1 -1 -1 7 50 -1 -1 -1 71 -1 58 -1 -1 70 58 -1 -1 -1 -1 64 66 -1 -1 -1 -1 -1 -1 -1 -1 -1 9 21 -1 -1 -1 -1 
-1 -1 -1 86 -1 -1 -1 87 -1 -1 -1 42 -1 -1 -1 50 18 -1 65 10 -1 -1 1 -1 31 65 -1 -1 -1 -1 40 -1 -1 -1 -1 -1 -1 -1 -1 -1 -1 -1 79 -1 -1 -1 -1 81 -1 -1 -1 85 36 -1 22 -1 21 -1 -1 -1 -1 85 67 -1 -1 -1 -1 -1 -1 87 -1 -1 22 74 -1 -1 -1 8 -1 -1 -1 -1 -1 61 -1 -1 -1 -1 94 95 -1 -1 66 -1 -1 -1 25 61 36 -1 
-1 37 -1 -1 -1 43 -1 76 -1 59 -1 100 63 87 87 -1 2 -1 41 -1 41 38 -1 31 -1 7 100 16 -1 41 -1 -1 96 -1 -1 -1 69 -1 10 -1 -1 -1 -1 90 -1 -1 62 -1 -1 -1 -1 -1 -1 -1 -1 -1 -1 -1 44 95 -1 55 -1 67 -1 -1 -1 -1 -1 -1 87 99 -1 -1 -1 94 29 -1 -1 50 49 -1 -1 -1 66 -1 69 75 -1 -1 -1 -1 -1 -1 64 -1 -1 -1 -1 -1 
-1 -1 84 -1 -1 88 -1 -1 38 -1 -1 -1 -1 -1 -1 -1 -1 -1 -1 78 -1 -1 36 65 7 -1 -1 -1 -1 -1 -1 -1 51 -1 -1 -1 46 -1 -1 64 84 78 -1 -1 -1 41 -1 74 45 -1 -1 -1 51 -1 68 -1 -1 -1 -1 -1 33 -1 -1 46 -1 -1 -1 -1 -1 39 -1 -1 87 -1 -1 13 -1 -1 -1 -1 -1 15 -1 41 52 -1 -1 -1 68 88 -1 -1 100 89 -1 82 17 36 -1 87 
21 77 17 44 -1 23 -1 -1 91 -1 -1 65 -1 -1 -1 -1 60 -1 13 -1 22 38 37 -1 100 -1 -1 -1 22 -1 -1 -1 5 -1 -1 -1 -1 -1 84 -1 -1 76 53 -1 -1 -1 -1 -1 -1 -1 -1 27 -1 58 -1 32 5 31 -1 -1 72 -1 67 -1 3 -1 -1 -1 16 -1 70 69 64 -1 -1 -1 -1 5 -1 -1 -1 -1 -1 95 -1 -1 -1 77 25 90 -1 -1 55 -1 -1 -1 41 57 -1 -1 
-1 -1 -1 80 -1 -1 -1 -1 -1 -1 67 76 11 -1 -1 -1 -1 -1 -1 -1 -1 -1 -1 -1 16 -1 -1 -1 -1 19 -1 56 6 71 -1 -1 50 -1 82 -1 8 -1 -1 89 -1 -1 -1 82 30 36 -1 22 -1 81 35 -1 -1 33 -1 -1 60 -1 -1 -1 -1 -1 80 93 -1 -1 -1 100 -1 -1 -1 -1 -1 27 -1 18 -1 -1 27 8 -1 -1 -1 -1 -1 47 -1 -1 1 95 96 -1 31 18 -1 -1 
-1 -1 -1 -1 -1 -1 -1 -1 17 58 69 -1 -1 -1 -1 -1 -1 -1 52 -1 -1 9 -1 -1 -1 -1 22 -1 -1 -1 80 -1 24 -1 -1 98 -1 33 100 32 -1 49 36 44 22 -1 -1 -1 -1 -1 -1 -1 90 33 2 -1 -1 31 -1 -1 80 38 -1 -1 -1 -1 -1 -1 49 76 -1 22 -1 55 -1 -1 -1 -1 -1 -1 -1 70 8 96 10 -1 -1 -1 -1 -1 -1 -1 -1 -1 84 -1 -1 -1 -1 -1 
-1 75 -1 -1 99 -1 -1 -1 -1 -1 -1 -1 -1 -1 -1 -1 -1 74 -1 -1 44 -1 -1 -1 41 -1 -1 19 -1 -1 -1 -1 -1 42 -1 -1 -1 -1 -1 -1 45 2 17 -1 55 -1 -1 -1 -1 -1 -1 -1 -1 31 1 -1 -1 -1 86 69 -1 3 -1 -1 -1 -1 -1 60 -1 -1 22 41 94 -1 96 35 -1 -1 -1 28 -1 -1 -1 87 -1 62 -1 -1 10 -1 -1 -1 -1 12 31 -1 -1 100 15 -1 
-1 91 46 -1 -1 40 -1 -1 -1 -1 -1 49 39 -1 -1 -1 -1 -1 -1 -1 -1 79 -1 40 -1 -1 -1 -1 80 -1 -1 -1 71 -1 -1 -1 -1 -1 -1 -1 -1 -1 7 -1 2 -1 -1 -1 -1 -1 -1 -1 -1 -1 42 -1 -1 -1 54 -1 -1 -1 -1 -1 -1 89 -1 44 -1 -1 96 -1 60 -1 -1 81 -1 -1 -1 75 -1 -1 -1 -1 -1 12 -1 99 -1 75 -1 22 -1 12 -1 -1 -1 86 -1 -1 
-1 69 -1 17 -1 -1 -1 -1 -1 -1 -1 38 -1 -1 -1 -1 19 65 64 -1 -1 83 45 -1 -1 -1 -1 56 -1 -1 -1 -1 -1 -1 -1 1 -1 -1 -1 -1 -1 -1 -1 -1 95 -1 -1 4 -1 -1 -1 -1 -1 -1 -1 -1 -1 -1 -1 -1 -1 -1 -1 32 54 54 -1 55 -1 10 -1 -1 -1 -1 -1 -1 -1 -1 -1 30 -1 54 -1 -1 73 -1 45 76 -1 -1 -1 -1 -1 -1 53 -1 48 -1 -1 -1 
-1 -1 77 -1 -1 11 53 19 -1 38 -1 -1 -1 -1 -1 5 -1 -1 91 -1 43 -1 -1 -1 96 51 5 6 24 -1 71 -1 -1 -1 -1 -1 -1 49 30 -1 -1 62 -1 31 -1 93 39 83 98 -1 87 -1 -1 -1 -1 -1 55 -1 8 -1 -1 -1 -1 -1 -1 94 74 -1 -1 -1 -1 1 -1 3 -1 -1 -1 20 -1 -1 -1 -1 -1 -1 58 93 -1 -1 38 44 30 -1 -1 -1 -1 -1 -1 -1 -1 -1 
21 72 31 -1 -1 -1 62 -1 -1 -1 -1 -1 -1 -1 50 95 -1 -1 19 97 36 -1 61 -1 -1 -1 -1 71 -1 42 -1 -1 -1 -1 -1 -1 45 -1 -1 73 15 35 -1 -1 -1 -1 85 -1 64 -1 21 95 -1 -1 32 -1 50 -1 38 -1 -1 8 -1 -1 93 -1 -1 -1 -1 45 -1 35 -1 -1 -1 -1 -1 -1 -1 61 -1 39 99 -1 -1 54 -1 -1 45 -1 -1 -1 30 67 88 -1 -1 -1 -1 -1 
-1 30 46 11 -1 -1 -1 67 -1 16 47 -1 21 85 -1 -1 -1 -1 -1 5 -1 -1 -1 -1 -1 -1 -1 -1 -1 -1 -1 -1 -1 -1 -1 -1 -1 -1 83 17 72 -1 -1 69 6 60 46 3 -1 94 -1 26 72 -1 -1 39 -1 -1 -1 -1 -1 -1 -1 -1 -1 -1 -1 92 -1 72 -1 -1 -1 77 -1 -1 -1 -1 26 -1 74 69 79 -1 -1 -1 47 -1 -1 -1 -1 -1 27 81 -1 -1 -1 -1 -1 -1 
-1 34 -1 11 33 -1 -1 60 72 -1 50 63 35 -1 -1 50 40 -1 27 -1 -1 1 -1 -1 -1 -1 -1 -1 98 -1 -1 1 -1 -1 -1 -1 29 -1 -1 12 -1 40 -1 -1 -1 -1 -1 -1 -1 -1 -1 41 -1 -1 -1 -1 7 -1 -1 23 -1 30 51 -1 11 -1 -1 33 8 28 -1 -1 10 54 28 51 84 -1 -1 43 -1 -1 -1 -1 -1 -1 -1 -1 -1 42 -1 38 -1 -1 65 -1 100 -1 -1 45 
-1 -1 -1 -1 -1 -1 -1 -1 61 99 -1 -1 -1 48 -1 -1 36 50 59 -1 17 -1 -1 -1 69 46 -1 50 -1 -1 -1 -1 -1 45 -1 29 -1 66 -1 -1 6 -1 -1 -1 -1 25 -1 99 -1 -1 -1 -1 -1 -1 -1 81 81 -1 -1 -1 -1 -1 21 -1 -1 -1 12 -1 -1 35 -1 -1 -1 5 -1 -1 40 -1 -1 -1 -1 76 -1 -1 -1 -1 -1 -1 44 -1 -1 -1 18 66 -1 -1 -1 -1 -1 -1 
-1 -1 -1 24 42 -1 6 64 -1 -1 -1 -1 -1 -1 -1 -1 -1 30 -1 -1 -1 -1 -1 -1 -1 -1 -1 -1 33 -1 -1 -1 49 -1 -1 -1 66 -1 -1 -1 -1 -1 -1 -1 -1 41 41 35 55 44 11 77 60 -1 -1 6 14 -1 -1 98 87 -1 93 -1 29 71 -1 57 43 -1 -1 61 -1 -1 34 -1 -1 25 -1 -1 -1 40 -1 -1 -1 -1 -1 37 -1 25 23 -1 98 -1 -1 -1 85 55 72 22 
-1 -1 -1 -1 -1 -1 28 12 -1 -1 -1 15 -1 -1 -1 43 -1 -1 28 -1 -1 90 87 -1 10 -1 84 82 100 -1 -1 -1 30 -1 83 -1 -1 -1 -1 -1 34 -1 -1 -1 -1 -1 -1 -1 33 -1 -1 13 -1 -1 81 -1 -1 -1 -1 85 -1 19 8 -1 -1 100 82 66 -1 20 -1 99 -1 -1 -1 -1 -1 9 -1 72 -1 -1 -1 -1 -1 -1 35 -1 25 81 -1 -1 -1 92 68 -1 -1 62 -1 28 
-1 -1 91 -1 -1 42 47 66 -1 -1 -1 -1 -1 -1 -1 49 -1 -1 91 -1 -1 -1 2 -1 -1 64 -1 -1 32 -1 -1 -1 -1 73 17 12 -1 -1 -1 -1 -1 -1 -1 25 -1 -1 16 -1 6 -1 -1 21 -1 -1 -1 -1 -1 99 48 73 -1 45 -1 51 -1 -1 34 -1 15 -1 -1 -1 -1 -1 -1 13 -1 -1 63 -1 -1 13 45 16 -1 -1 -1 -1 -1 -1 66 94 11 -1 -1 75 -1 22 -1 -1 
-1 93 39 -1 -1 -1 -1 -1 17 42 47 36 -1 61 69 -1 39 -1 17 13 89 -1 96 -1 -1 84 -1 8 -1 45 -1 -1 -1 15 72 -1 6 -1 34 -1 -1 -1 -1 22 -1 52 -1 -1 -1 -1 -1 -1 -1 -1 -1 18 82 -1 -1 -1 -1 -1 -1 -1 -1 -1 -1 3 -1 -1 -1 -1 94 -1 -1 -1 -1 11 -1 -1 -1 -1 26 56 -1 16 49 -1 -1 -1 88 -1 -1 -1 -1 -1 -1 57 -1 -1 
45 2 -1 12 50 -1 -1 61 18 -1 -1 -1 83 -1 23 -1 99 33 25 56 95 -1 -1 -1 -1 78 76 -1 49 2 -1 -1 62 35 -1 40 -1 -1 -1 -1 -1 -1 48 -1 -1 77 -1 87 -1 79 -1 77 -1 -1 -1 88 -1 -1 -1 22 -1 -1 -1 -1 94 -1 -1 -1 -1 85 -1 -1 -1 -1 -1 -1 -1 -1 5 -1 -1 -1 -1 -1 48 6 -1 -1 -1 90 64 45 -1 -1 16 -1 22 -1 45 68 
-1 -1 -1 -1 -1 5 -1 9 -1 -1 50 -1 -1 -1 76 -1 -1 -1 18 62 -1 -1 -1 79 -1 -1 53 -1 36 17 7 -1 -1 -1 -1 -1 -1 -1 -1 -1 -1 48 -1 100 -1 -1 20 -1 -1 -1 -1 -1 -1 65 -1 -1 -1 -1 -1 -1 5 -1 21 -1 99 -1 85 -1 -1 -1 -1 -1 36 -1 92 80 -1 61 -1 75 -1 -1 -1 12 -1 -1 17 -1 60 -1 90 72 -1 56 -1 -1 21 -1 76 84 
7 -1 67 -1 41 -1 -1 -1 28 85 -1 53 -1 -1 -1 20 -1 -1 -1 -1 -1 -1 -1 -1 90 -1 -1 89 44 -1 -1 -1 31 -1 69 -1 -1 -1 -1 25 22 -1 100 -1 -1 -1 -1 -1 -1 -1 -1 -1 -1 -1 -1 47 95 -1 32 94 -1 -1 34 -1 -1 -1 16 64 -1 10 -1 -1 92 -1 -1 -1 -1 -1 7 40 -1 -1 40 -1 77 72 89 -1 -1 14 87 95 -1 75 41 57 -1 -1 -1 24 
-1 -1 84 -1 92 95 -1 30 -1 68 -1 41 43 31 4 -1 -1 -1 -1 -1 96 -1 61 -1 -1 -1 -1 -1 22 55 2 95 -1 -1 6 -1 -1 -1 -1 -1 -1 -1 -1 -1 -1 27 -1 89 -1 -1 -1 -1 -1 -1 -1 -1 -1 -1 -1 -1 -1 -1 -1 -1 -1 -1 -1 -1 -1 -1 -1 -1 -1 1 -1 -1 -1 76 -1 -1 27 -1 -1 -1 74 -1 81 -1 42 -1 50 -1 48 31 -1 -1 -1 -1 -1 -1 
67 -1 94 -1 48 -1 -1 -1 -1 -1 -1 -1 91 -1 -1 -1 47 -1 -1 1 -1 -1 -1 -1 -1 41 -1 -1 -1 -1 -1 -1 93 -1 60 -1 25 41 -1 -1 52 77 -1 -1 27 -1 -1 -1 84 42 -1 7 62 -1 28 -1 18 -1 19 -1 -1 67 -1 -1 -1 -1 -1 -1 -1 8 -1 28 86 -1 -1 -1 -1 -1 -1 96 -1 -1 -1 -1 -1 75 -1 -1 -1 -1 -1 -1 -1 57 35 -1 -1 6 56 39 
-1 -1 -1 -1 35 -1 87 26 -1 48 -1 -1 93 -1 -1 31 7 -1 72 -1 -1 -1 -1 -1 62 -1 -1 -1 -1 -1 -1 -1 39 85 46 -1 -1 41 -1 16 -1 -1 20 -1 -1 -1 -1 65 -1 -1 -1 -1 -1 86 73 -1 -1 -1 37 -1 18 57 -1 82 31 70 -1 -1 -1 -1 -1 58 3 -1 -1 -1 -1 -1 97 -1 -1 -1 83 -1 -1 68 2 -1 99 41 -1 -1 -1 -1 -1 -1 -1 -1 -1 -1 
-1 20 12 -1 -1 -1 -1 -1 -1 66 -1 51 -1 -1 59 60 4 -1 -1 -1 -1 -1 -1 81 -1 74 -1 82 -1 -1 -1 4 83 -1 3 -1 99 35 -1 -1 -1 87 -1 -1 89 -1 65 -1 -1 -1 54 -1 78 -1 -1 -1 -1 -1 78 -1 -1 -1 94 90 50 -1 -1 29 -1 -1 -1 -1 32 72 -1 -1 -1 -1 -1 85 13 -1 -1 -1 -1 17 91 -1 -1 51 9 -1 -1 -1 8 -1 -1 86 34 12 
-1 -1 -1 18 -1 94 -1 82 47 -1 -1 -1 -1 -1 -1 -1 95 -1 -1 -1 -1 -1 -1 -1 -1 45 -1 30 -1 -1 -1 -1 98 64 -1 -1 -1 55 33 6 -1 -1 -1 -1 -1 84 -1 -1 -1 -1 79 -1 66 -1 -1 -1 -1 70 -1 32 -1 -1 -1 -1 -1 -1 -1 -1 -1 68 47 -1 -1 -1 -1 72 -1 -1 -1 -1 -1 -1 77 56 92 15 -1 -1 55 -1 -1 -1 -1 -1 -1 61 -1 -1 -1 -1 
-1 -1 -1 -1 -1 15 -1 -1 43 100 -1 84 56 61 -1 -1 -1 36 -1 -1 -1 -1 30 -1 -1 -1 -1 36 -1 -1 -1 -1 -1 -1 94 -1 -1 44 -1 -1 -1 79 -1 -1 -1 42 -1 -1 -1 -1 21 -1 10 -1 75 -1 9 -1 -1 -1 -1 -1 36 -1 13 -1 39 67 -1 -1 -1 9 36 -1 -1 -1 -1 62 -1 -1 -1 -1 -1 99 -1 -1 5 -1 99 95 -1 -1 -1 -1 -1 16 -1 -1 -1 -1 
-1 -1 32 -1 29 -1 2 89 -1 43 -1 -1 -1 85 -1 -1 -1 -1 2 89 55 18 32 -1 -1 -1 -1 -1 -1 -1 -1 -1 87 21 -1 -1 -1 11 -1 -1 -1 -1 -1 -1 -1 -1 -1 54 79 21 -1 -1 -1 -1 -1 -1 -1 -1 -1 -1 1 -1 61 -1 59 -1 -1 -1 -1 -1 -1 92 -1 -1 -1 -1 38 -1 -1 -1 -1 -1 27 -1 -1 -1 -1 -1 22 -1 -1 -1 80 -1 29 -1 -1 -1 23 -1 
-1 88 -1 -1 1 -1 -1 -1 68 -1 95 -1 7 -1 -1 -1 -1 -1 -1 -1 -1 77 -1 85 -1 -1 27 22 -1 -1 -1 -1 -1 95 26 41 -1 77 13 21 -1 77 -1 -1 -1 7 -1 -1 -1 -1 -1 -1 -1 -1 13 -1 29 -1 80 -1 -1 7 42 -1 -1 -1 -1 38 -1 -1 -1 -1 -1 -1 -1 -1 88 -1 -1 32 -1 -1 -1 57 -1 -1 -1 -1 5 -1 24 -1 -1 -1 -1 -1 -1 95 -1 39 
13 7 -1 -1 22 -1 -1 86 -1 -1 69 27 -1 43 -1 -1 -1 -1 -1 -1 -1 11 -1 36 -1 51 -1 -1 90 -1 -1 -1 -1 -1 72 -1 -1 60 -1 -1 -1 -1 -1 -1 -1 62 -1 78 66 10 -1 -1 -1 -1 74 -1 1 68 9 -1 55 98 -1 92 -1 -1 -1 -1 -1 -1 -1 -1 -1 -1 -1 -1 11 -1 -1 65 -1 -1 41 -1 72 -1 -1 36 29 6 53 -1 83 -1 -1 -1 83 37 5 63 
-1 -1 -1 -1 -1 -1 7 -1 -1 -1 -1 -1 18 82 -1 -1 -1 70 -1 -1 -1 -1 -1 -1 -1 -1 58 81 33 31 -1 -1 -1 -1 -1 -1 -1 -1 -1 -1 -1 -1 65 -1 -1 -1 86 -1 -1 -1 -1 -1 -1 -1 54 -1 77 -1 -1 -1 56 -1 -1 -1 -1 -1 61 44 74 9 79 -1 61 27 -1 63 -1 100 -1 -1 -1 6 -1 22 -1 -1 36 35 -1 -1 78 -1 -1 -1 40 -1 62 -1 -1 -1 
42 -1 100 -1 54 -1 -1 44 -1 -1 -1 -1 -1 -1 -1 71 -1 -1 -1 25 93 -1 83 22 -1 68 -1 35 2 1 42 -1 -1 32 -1 -1 -1 -1 81 -1 -1 -1 -1 -1 -1 28 73 -1 -1 75 -1 13 74 54 -1 74 -1 17 -1 33 49 14 -1 43 -1 23 -1 19 -1 -1 -1 -1 55 17 10 -1 59 70 35 -1 -1 44 -1 -1 32 -1 95 -1 -1 9 -1 -1 77 -1 77 -1 12 -1 -1 74 
61 -1 86 1 38 53 -1 91 -1 -1 78 62 -1 -1 -1 1 -1 20 -1 -1 -1 -1 -1 -1 -1 -1 32 -1 -1 -1 -1 -1 -1 -1 39 -1 81 6 -1 -1 18 88 -1 47 -1 -1 -1 -1 -1 -1 -1 -1 -1 -1 74 -1 -1 -1 41 -1 4 -1 -1 3 58 33 -1 -1 -1 71 -1 -1 -1 -1 -1 -1 -1 20 -1 -1 -1 -1 -1 -1 -1 66 -1 40 30 -1 -1 63 -1 -1 -1 -1 -1 -1 -1 -1 
5 -1 13 -1 -1 73 -1 -1 -1 12 -1 32 -1 -1 -1 60 99 -1 -1 -1 32 53 -1 21 -1 -1 5 -1 -1 -1 -1 -1 55 50 -1 7 81 14 -1 -1 82 -1 -1 95 -1 18 -1 -1 -1 9 -1 29 1 77 -1 -1 -1 -1 -1 45 -1 -1 -1 -1 -1 -1 87 -1 -1 16 -1 43 -1 -1 41 -1 88 25 -1 -1 -1 -1 92 -1 -1 13 51 -1 -1 -1 -1 -1 -1 100 23 -1 38 92 -1 -1 
-1 -1 28 -1 70 30 17 18 52 -1 39 -1 -1 -1 -1 -1 95 -1 97 -1 -1 -1 -1 -1 -1 -1 31 33 31 -1 -1 -1 -1 -1 -1 -1 -1 -1 -1 99 -1 -1 -1 -1 -1 -1 -1 -1 70 -1 -1 -1 68 -1 17 -1 -1 -1 100 -1 89 -1 -1 31 -1 -1 -1 -1 15 -1 -1 -1 78 89 73 -1 -1 -1 85 -1 -1 38 99 75 -1 -1 -1 -1 29 68 42 89 -1 -1 -1 -1 -1 -1 -1 -1 
42 -1 78 -1 -1 -1 -1 -1 37 -1 67 -1 -1 8 -1 -1 -1 -1 -1 -1 -1 -1 -1 -1 44 -1 -1 -1 -1 86 54 -1 8 38 -1 -1 -1 -1 -1 48 -1 -1 -1 32 -1 19 37 78 -1 -1 -1 80 9 -1 -1 41 -1 100 -1 85 37 -1 30 -1 -1 -1 4 -1 48 61 -1 -1 -1 65 -1 57 -1 -1 -1 -1 11 -1 -1 -1 -1 -1 81 -1 -1 -1 27 -1 -1 -1 -1 -1 55 -1 -1 4 
61 -1 65 18 -1 -1 -1 27 -1 95 -1 65 -1 -1 -1 -1 -1 46 -1 70 -1 -1 -1 -1 95 -1 -1 -1 -1 69 -1 -1 -1 -1 -1 23 -1 98 85 73 -1 22 -1 94 -1 -1 -1 -1 32 -1 -1 -1 -1 -1 33 -1 45 -1 85 -1 14 -1 27 -1 51 -1 56 -1 -1 -1 -1 -1 -1 89 -1 -1 42 -1 7 -1 75 -1 58 84 92 -1 10 16 -1 23 19 47 -1 37 -1 -1 -1 -1 39 -1 
-1 62 -1 -1 -1 21 92 -1 38 57 -1 87 -1 -1 -1 -1 75 -1 -1 12 -1 21 74 -1 -1 33 72 60 80 -1 -1 -1 -1 -1 -1 -1 -1 87 -1 -1 -1 -1 5 -1 -1 -1 18 -1 -1 -1 1 -1 55 56 49 4 -1 89 37 14 -1 -1 -1 -1 32 -1 -1 -1 11 -1 -1 59 -1 -1 -1 -1 -1 -1 -1 32 -1 45 -1 -1 10 -1 -1 -1 -1 17 19 -1 17 -1 -1 96 -1 -1 -1 -1 
24 -1 -1 44 -1 61 47 -1 -1 -1 -1 -1 -1 98 -1 86 92 26 39 4 3 -1 -1 85 55 -1 -1 -1 38 3 -1 -1 -1 8 -1 30 -1 -1 19 45 -1 -1 -1 -1 -1 67 57 -1 -1 -1 -1 7 98 -1 14 -1 -1 -1 -1 -1 -1 -1 -1 -1 -1 17 95 -1 -1 -1 -1 -1 -1 -1 -1 -1 -1 -1 -1 -1 -1 9 22 -1 99 -1 -1 -1 -1 -1 -1 -1 4 -1 56 57 -1 -1 -1 91 
-1 -1 80 -1 48 -1 -1 -1 -1 51 19 -1 -1 -1 86 -1 -1 -1 -1 -1 -1 12 -1 67 -1 -1 67 -1 -1 -1 -1 -1 -1 -1 -1 51 21 93 8 -1 -1 -1 21 34 -1 -1 -1 94 -1 36 61 42 -1 -1 -1 -1 -1 -1 30 27 -1 -1 -1 -1 47 -1 -1 -1 -1 63 -1 -1 -1 -1 -1 -1 -1 73 96 89 -1 -1 -1 -1 -1 -1 -1 27 76 -1 -1 -1 -1 62 -1 -1 80 -1 -1 -1 
83 -1 -1 25 -1 96 97 -1 75 -1 11 -1 24 55 16 -1 -1 -1 -1 69 17 78 95 -1 67 46 -1 -1 -1 -1 -1 32 -1 -1 -1 -1 -1 -1 -1 51 -1 -1 -1 -1 -1 -1 82 90 -1 -1 -1 -1 92 -1 43 3 -1 31 -1 -1 -1 -1 -1 -1 57 -1 -1 84 53 58 -1 -1 -1 47 -1 -1 -1 -1 -1 -1 76 -1 72 -1 -1 -1 -1 -1 55 19 -1 -1 -1 -1 -1 -1 -1 -1 56 -1 
-1 10 -1 -1 -1 19 -1 -1 70 70 -1 -1 -1 -1 -1 -1 47 -1 -1 -1 6 -1 -1 -1 -1 -1 3 -1 -1 -1 -1 54 -1 93 -1 11 -1 29 -1 -1 -1 94 99 -1 -1 -1 31 50 -1 13 59 -1 -1 -1 -1 58 -1 -1 -1 51 32 -1 47 57 -1 -1 -1 -1 28 -1 -1 8 -1 -1 69 -1 23 -1 -1 -1 -1 97 -1 69 -1 -1 -1 -1 -1 -1 -1 -1 -1 -1 1 -1 97 -1 -1 13 
-1 -1 -1 -1 -1 76 94 -1 -1 59 26 100 -1 -1 -1 75 -1 98 -1 -1 83 -1 -1 -1 -1 -1 -1 -1 -1 -1 89 54 94 -1 -1 -1 -1 71 100 -1 -1 -1 -1 -1 -1 -1 70 -1 -1 -1 -1 -1 -1 -1 23 33 -1 -1 -1 -1 -1 17 -1 -1 -1 -1 -1 28 4 -1 50 33 -1 70 -1 -1 -1 -1 89 -1 50 2 -1 1 -1 13 -1 -1 -1 7 90 -1 70 -1 -1 -1 5 55 -1 84 
-1 35 -1 -1 66 -1 -1 -1 49 -1 20 67 4 -1 -1 -1 -1 -1 -1 -1 -1 71 -1 -1 -1 -1 -1 80 -1 -1 -1 -1 74 -1 -1 -1 12 -1 82 34 -1 -1 85 16 -1 -1 -1 -1 -1 39 -1 -1 -1 61 -1 -1 87 -1 4 56 -1 95 -1 -1 -1 -1 -1 -1 -1 -1 -1 -1 -1 -1 42 -1 -1 10 -1 -1 -1 -1 -1 -1 18 24 -1 33 -1 -1 1 16 -1 -1 85 -1 -1 15 -1 -1 
-1 -1 -1 -1 99 90 9 -1 64 -1 -1 -1 -1 -1 -1 85 9 -1 47 27 -1 3 7 -1 -1 -1 -1 93 -1 60 44 55 -1 -1 92 33 -1 57 66 -1 3 -1 -1 64 -1 -1 -1 29 -1 67 -1 38 -1 44 19 -1 -1 -1 -1 -1 -1 -1 -1 84 -1 28 -1 -1 -1 -1 92 -1 22 -1 11 25 -1 -1 5 33 -1 -1 -1 -1 -1 -1 -1 -1 -1 -1 -1 -1 -1 -1 62 -1 19 78 62 24 
-1 -1 -1 -1 -1 -1 -1 57 61 -1 -1 -1 -1 -1 -1 77 -1 -1 -1 -1 31 -1 50 -1 -1 -1 16 -1 49 -1 -1 -1 -1 -1 -1 8 -1 43 -1 15 -1 -1 -1 -1 -1 -1 -1 -1 -1 -1 -1 -1 -1 74 -1 -1 -1 15 48 -1 11 -1 -1 53 28 4 -1 -1 -1 -1 -1 9 -1 -1 -1 -1 -1 76 -1 -1 -1 70 40 -1 -1 -1 -1 -1 -1 -1 55 74 38 -1 81 -1 -1 3 -1 25 
-1 -1 49 -1 -1 36 16 21 -1 -1 -1 -1 -1 -1 -1 -1 -1 -1 -1 -1 -1 35 -1 87 -1 39 -1 -1 76 -1 -1 10 -1 45 72 28 35 -1 20 -1 -1 85 -1 10 -1 8 -1 -1 68 -1 -1 -1 -1 9 -1 71 16 -1 61 -1 -1 -1 63 58 -1 -1 -1 -1 -1 -1 -1 -1 -1 -1 56 -1 -1 -1 -1 -1 -1 -1 9 -1 -1 -1 -1 -1 67 -1 -1 -1 -1 81 86 -1 -1 -1 -1 -1 
-1 -1 83 58 -1 -1 13 -1 -1 -1 16 40 -1 -1 -1 -1 74 -1 -1 31 -1 -1 -1 -1 87 -1 70 -1 -1 22 96 -1 -1 -1 -1 -1 -1 -1 -1 -1 -1 -1 -1 -1 -1 -1 -1 -1 47 -1 -1 -1 -1 79 -1 -1 -1 -1 -1 -1 -1 -1 -1 -1 -1 50 -1 92 -1 -1 -1 -1 -1 -1 -1 -1 -1 -1 -1 -1 -1 -1 60 -1 -1 -1 -1 -1 -1 -1 -1 -1 -1 65 -1 -1 -1 -1 -1 -1 
29 58 -1 -1 -1 -1 -1 77 1 91 25 23 -1 -1 -1 -1 -1 -1 -1 -1 -1 -1 -1 -1 99 -1 69 100 22 41 -1 -1 1 35 -1 -1 -1 61 99 -1 -1 -1 -1 -1 -1 28 58 -1 -1 9 92 -1 -1 -1 -1 -1 43 -1 -1 -1 59 -1 -1 -1 8 33 -1 -1 9 -1 -1 -1 56 -1 -1 -1 -1 -1 -1 -1 66 -1 6 -1 -1 33 -1 -1 84 -1 99 -1 -1 -1 -1 -1 76 -1 20 78 
41 -1 -1 -1 -1 -1 37 -1 -1 -1 -1 1 -1 -1 -1 -1 -1 -1 -1 -1 -1 -1 71 22 -1 87 64 -1 -1 94 60 -1 -1 -1 -1 10 -1 -1 -1 -1 94 -1 36 92 -1 86 3 32 -1 36 -1 -1 -1 61 55 -1 -1 78 -1 -1 -1 -1 -1 -1 -1 -1 -1 22 -1 -1 -1 56 -1 -1 -1 -1 -1 -1 -1 -1 -1 -1 44 81 -1 -1 -1 98 -1 -1 -1 -1 -1 -1 -1 3 83 -1 -1 32 
24 -1 30 -1 -1 -1 63 18 -1 -1 -1 -1 -1 -1 75 96 65 -1 -1 62 -1 54 -1 74 -1 -1 -1 -1 55 -1 -1 -1 3 -1 77 54 5 -1 -1 -1 -1 -1 -1 -1 1 -1 -1 72 -1 -1 -1 -1 -1 27 17 -1 -1 89 65 89 -1 -1 -1 47 -1 70 -1 -1 -1 -1 -1 -1 -1 -1 80 -1 -1 -1 20 26 88 -1 -1 1 -1 54 -1 -1 -1 -1 -1 -1 -1 82 -1 6 -1 -1 47 -1 
-1 -1 -1 25 22 -1 14 -1 -1 -1 31 90 -1 -1 -1 75 24 -1 -1 -1 -1 13 58 -1 -1 -1 -1 -1 -1 96 -1 -1 -1 -1 -1 28 -1 34 -1 -1 -1 -1 92 -1 -1 -1 -1 -1 -1 -1 -1 -1 -1 -1 10 -1 41 73 -1 -1 -1 -1 -1 -1 69 -1 42 11 -1 56 -1 -1 -1 80 -1 -1 -1 -1 -1 -1 -1 96 -1 -1 38 -1 -1 -1 81 -1 -1 -1 66 -1 -1 26 -1 -1 -1 -1 
-1 -1 -1 -1 81 -1 -1 -1 62 -1 33 -1 -1 -1 -1 -1 52 1 -1 59 -1 14 -1 -1 94 13 -1 -1 -1 35 81 -1 -1 -1 -1 51 -1 -1 -1 13 -1 -1 80 -1 -1 -1 -1 -1 72 -1 -1 -1 -1 63 -1 -1 -1 -1 57 -1 -1 -1 -1 -1 -1 -1 -1 25 -1 -1 -1 -1 -1 -1 -1 -1 -1 -1 -1 -1 -1 -1 51 22 -1 -1 65 -1 -1 -1 92 -1 18 -1 34 -1 -1 -1 46 -1 
-1 85 -1 87 -1 -1 -1 -1 -1 30 -1 -1 -1 -1 -1 31 39 -1 -1 42 94 -1 -1 -1 29 -1 -1 -1 -1 -1 -1 -1 -1 -1 -1 84 40 -1 -1 -1 -1 -1 -1 -1 -1 -1 -1 -1 -1 -1 38 88 11 -1 59 -1 88 -1 -1 42 -1 -1 -1 -1 23 -1 -1 -1 -1 -1 -1 -1 -1 -1 -1 -1 -1 -1 -1 -1 -1 -1 -1 91 -1 -1 67 -1 -1 -1 -1 -1 -1 -1 17 -1 85 83 -1 -1 
-1 -1 97 -1 -1 49 69 -1 40 67 -1 -1 -1 75 -1 60 -1 -1 97 -1 -1 -1 70 8 -1 -1 5 27 -1 -1 -1 -1 20 -1 -1 -1 -1 25 9 -1 11 -1 61 -1 76 -1 -1 -1 -1 62 -1 -1 -1 100 70 20 25 -1 -1 -1 -1 -1 73 -1 -1 -1 10 -1 76 -1 -1 -1 -1 -1 -1 -1 -1 -1 12 -1 -1 -1 74 -1 41 28 -1 69 79 -1 -1 100 -1 -1 21 -1 40 87 24 -1 
-1 -1 11 50 7 -1 -1 -1 33 -1 -1 -1 67 -1 -1 -1 -1 -1 -1 23 78 -1 58 -1 -1 -1 -1 -1 -1 -1 -1 -1 -1 -1 26 -1 -1 -1 -1 63 -1 5 -1 7 -1 -1 97 -1 -1 -1 -1 -1 -1 -1 35 -1 -1 85 -1 7 -1 -1 96 -1 -1 89 -1 5 -1 -1 -1 -1 -1 20 -1 -1 -1 12 -1 -1 -1 60 -1 57 -1 -1 69 -1 52 -1 -1 38 -1 -1 -1 -1 79 -1 -1 -1 
-1 -1 -1 59 60 -1 -1 -1 -1 82 -1 32 -1 81 55 -1 55 -1 -1 -1 84 -1 -1 -1 50 -1 -1 18 -1 28 75 30 -1 61 -1 43 -1 -1 72 -1 -1 -1 75 40 -1 96 -1 85 -1 -1 -1 32 65 -1 -1 -1 -1 -1 -1 -1 32 -1 89 -1 -1 -1 -1 33 -1 -1 -1 -1 -1 26 -1 -1 -1 -1 -1 -1 -1 -1 -1 -1 -1 -1 -1 -1 -1 -1 -1 -1 -1 -1 -1 -1 -1 56 -1 -1 
16 -1 25 -1 -1 -1 -1 -1 -1 -1 -1 49 -1 25 -1 21 -1 81 37 -1 19 71 -1 -1 49 -1 -1 -1 -1 -1 -1 -1 -1 -1 74 -1 -1 -1 -1 -1 -1 -1 -1 -1 27 -1 -1 13 -1 -1 -1 -1 -1 -1 -1 -1 -1 -1 11 75 -1 -1 -1 76 -1 50 -1 -1 -1 -1 -1 66 -1 88 -1 -1 -1 -1 -1 -1 -1 -1 -1 -1 -1 89 -1 -1 -1 81 -1 -1 81 -1 -1 -1 -1 -1 15 -1 
-1 -1 -1 37 63 47 -1 -1 -1 -1 -1 -1 -1 34 5 -1 -1 -1 35 -1 -1 -1 -1 -1 -1 15 -1 -1 70 -1 -1 54 -1 39 69 -1 76 40 -1 13 -1 -1 -1 -1 -1 -1 -1 -1 -1 -1 -1 -1 -1 6 44 -1 -1 38 -1 -1 45 9 -1 -1 97 2 -1 -1 70 -1 -1 -1 -1 -1 96 -1 -1 -1 60 -1 -1 -1 -1 24 42 -1 -1 -1 -1 68 94 -1 -1 -1 -1 75 -1 2 52 -1 
-1 -1 36 -1 -1 21 58 13 -1 -1 25 -1 -1 -1 7 -1 -1 -1 20 -1 64 -1 -1 -1 -1 -1 -1 27 8 -1 -1 -1 -1 99 79 -1 -1 -1 -1 45 26 -1 -1 40 -1 -1 83 -1 77 -1 27 -1 41 -1 -1 -1 92 99 -1 58 -1 22 -1 72 -1 -1 -1 -1 40 9 60 6 44 -1 -1 51 -1 74 -1 -1 -1 -1 -1 -1 -1 -1 24 -1 95 14 -1 -1 88 -1 -1 -1 -1 -1 -1 -1 
-1 78 -1 -1 -1 77 -1 83 38 -1 -1 -1 -1 -1 89 -1 -1 -1 30 38 -1 -1 64 61 -1 41 95 8 96 87 -1 -1 -1 -1 -1 -1 -1 -1 -1 16 56 -1 12 -1 -1 -1 -1 -1 56 99 -1 57 -1 22 -1 -1 -1 75 -1 84 -1 -1 -1 -1 69 1 -1 -1 -1 -1 -1 -1 81 1 -1 22 91 -1 57 -1 -1 24 -1 -1 90 89 -1 -1 53 -1 -1 91 2 30 -1 -1 -1 72 23 -1 
-1 -1 57 -1 -1 -1 84 -1 -1 -1 -1 -1 -1 -1 -1 69 -1 -1 -1 -1 -1 -1 66 -1 66 52 -1 -1 10 -1 -1 73 58 -1 -1 -1 -1 -1 -1 -1 -1 48 -1 77 74 -1 -1 -1 92 -1 -1 -1 72 -1 32 -1 -1 -1 -1 92 10 99 -1 -1 -1 -1 18 -1 -1 -1 -1 -1 -1 -1 38 -1 -1 41 -1 -1 -1 42 -1 90 -1 -1 96 -1 -1 86 -1 -1 -1 -1 -1 62 -1 -1 1 29 
-1 -1 -1 75 -1 88 -1 90 -1 3 -1 -1 -1 -1 -1 62 -1 16 -1 22 15 78 -1 -1 -1 -1 -1 -1 -1 62 12 -1 93 54 -1 -1 -1 -1 -1 -1 16 6 -1 72 -1 75 68 17 15 -1 -1 -1 -1 -1 -1 66 13 -1 -1 -1 -1 -1 -1 -1 -1 13 24 -1 -1 -1 -1 33 -1 54 -1 -1 -1 28 -1 -1 89 -1 -1 89 -1 -1 66 -1 57 97 -1 32 -1 -1 -1 -1 -1 -1 -1 91 
-1 40 -1 -1 -1 23 -1 -1 70 76 -1 39 70 -1 -1 -1 17 -1 -1 -1 65 -1 -1 -1 69 -1 -1 -1 -1 -1 -1 45 -1 -1 47 -1 -1 -1 35 -1 49 -1 17 89 81 -1 2 91 -1 5 -1 -1 -1 36 95 -1 51 -1 81 10 -1 -1 -1 -1 -1 -1 -1 -1 -1 -1 -1 -1 -1 -1 -1 65 67 -1 69 -1 -1 -1 24 -1 96 66 -1 -1 -1 -1 -1 -1 14 29 47 -1 73 24 -1 -1 
59 45 19 -1 -1 -1 -1 -1 -1 -1 34 -1 -1 51 -1 -1 -1 -1 -1 -1 -1 -1 -1 -1 75 -1 77 -1 -1 -1 99 76 -1 -1 -1 -1 -1 37 -1 -1 -1 -1 -1 -1 -1 -1 -1 -1 -1 -1 -1 -1 36 35 -1 40 -1 -1 -1 16 -1 -1 27 -1 -1 -1 33 -1 -1 -1 -1 -1 98 -1 -1 -1 -1 69 -1 -1 -1 -1 -1 -1 -1 -1 -1 -1 24 14 -1 -1 -1 4 9 31 -1 -1 24 -1 
80 -1 -1 2 -1 -1 -1 -1 -1 -1 89 38 -1 20 65 -1 -1 -1 -1 -1 43 35 -1 94 -1 68 25 -1 -1 10 -1 -1 38 45 -1 -1 44 -1 25 -1 -1 -1 60 -1 42 -1 99 -1 55 99 22 5 29 -1 -1 30 -1 29 -1 -1 -1 -1 76 55 -1 -1 -1 -1 -1 67 -1 84 -1 -1 81 -1 -1 79 52 -1 -1 -1 95 53 -1 57 -1 24 -1 -1 -1 62 -1 50 -1 -1 71 85 70 -1 
48 3 33 -1 -1 -1 -1 -1 -1 -1 -1 -1 -1 32 24 -1 -1 -1 -1 -1 40 -1 -1 95 -1 88 90 47 -1 -1 75 -1 44 -1 -1 42 -1 25 81 -1 -1 90 -1 14 -1 -1 41 51 -1 95 -1 -1 6 -1 9 -1 -1 68 -1 23 17 -1 -1 19 -1 7 -1 -1 -1 -1 -1 -1 -1 -1 -1 -1 -1 -1 -1 -1 81 68 14 -1 86 97 -1 14 -1 -1 92 -1 -1 -1 78 -1 -1 -1 -1 -1 
24 -1 33 8 54 -1 -1 -1 -1 -1 -1 -1 -1 -1 48 -1 -1 -1 80 58 -1 -1 -1 -1 -1 -1 -1 -1 -1 -1 -1 -1 30 -1 -1 -1 -1 23 -1 66 88 64 90 87 50 -1 -1 9 -1 -1 -1 24 53 78 -1 -1 -1 42 27 19 19 -1 -1 -1 -1 90 1 -1 55 -1 -1 99 -1 -1 -1 92 -1 -1 -1 -1 -1 94 -1 -1 -1 -1 -1 -1 -1 92 -1 -1 -1 -1 -1 -1 -1 -1 80 -1 
-1 -1 -1 -1 94 45 -1 -1 -1 -1 57 32 51 -1 -1 73 -1 -1 -1 -1 -1 5 -1 -1 -1 -1 -1 -1 -1 -1 22 -1 -1 -1 -1 38 -1 -1 -1 94 -1 45 72 95 -1 -1 -1 -1 -1 -1 -1 -1 -1 -1 -1 63 -1 89 -1 47 -1 -1 -1 -1 -1 -1 16 -1 74 -1 -1 -1 -1 -1 -1 -1 -1 100 38 -1 -1 -1 -1 91 -1 32 -1 -1 62 -1 -1 -1 -1 -1 66 38 100 -1 68 -1 
-1 89 -1 -1 -1 -1 -1 -1 -1 60 -1 -1 -1 1 -1 -1 -1 32 -1 -1 72 -1 -1 66 -1 100 55 1 -1 -1 -1 -1 -1 30 27 -1 18 98 -1 11 -1 -1 -1 -1 48 -1 -1 -1 -1 -1 80 -1 83 -1 77 -1 -1 -1 -1 -1 17 4 -1 -1 -1 70 -1 -1 38 -1 -1 -1 -1 -1 66 18 -1 -1 -1 -1 81 -1 88 2 -1 -1 14 -1 -1 -1 -1 -1 -1 -1 -1 -1 92 97 43 57 
-1 85 88 -1 38 -1 -1 77 24 -1 -1 25 97 -1 -1 -1 -1 -1 -1 -1 -1 50 -1 -1 -1 89 -1 95 -1 12 12 -1 -1 67 81 -1 66 -1 92 -1 -1 -1 56 75 31 57 -1 -1 -1 -1 -1 -1 -1 -1 -1 -1 100 -1 -1 37 -1 -1 62 -1 -1 -1 -1 -1 -1 81 65 -1 -1 82 -1 -1 -1 -1 -1 -1 -1 -1 -1 30 -1 -1 29 4 50 -1 -1 -1 -1 -1 -1 -1 -1 3 -1 -1 
-1 -1 -1 85 -1 -1 -1 -1 -1 -1 27 -1 97 -1 -1 -1 5 -1 37 -1 47 -1 9 -1 64 -1 -1 96 84 31 -1 53 -1 88 -1 65 -1 -1 68 -1 -1 16 -1 41 -1 35 -1 8 -1 -1 29 -1 -1 40 77 -1 23 -1 -1 -1 -1 56 -1 -1 1 -1 85 62 81 86 -1 -1 -1 -1 -1 34 17 21 -1 -1 -1 -1 -1 -1 -1 -1 47 9 -1 78 -1 66 -1 -1 -1 46 -1 -1 -1 86 
-1 89 -1 -1 -1 30 -1 26 24 -1 -1 -1 -1 -1 -1 -1 -1 42 -1 -1 -1 1 21 -1 -1 82 -1 -1 -1 -1 -1 -1 -1 -1 -1 -1 -1 -1 -1 75 -1 -1 -1 57 -1 -1 -1 -1 61 16 -1 -1 -1 -1 -1 -1 -1 -1 -1 -1 96 57 -1 -1 -1 -1 -1 -1 -1 -1 -1 -1 3 6 26 -1 -1 -1 -1 -1 -1 75 -1 -1 62 -1 -1 31 -1 -1 -1 38 -1 -1 46 -1 -1 -1 -1 -1 
46 83 75 27 -1 -1 -1 -1 -1 -1 -1 -1 15 16 -1 -1 -1 -1 96 -1 -1 -1 -1 25 -1 17 41 31 -1 -1 -1 48 -1 -1 -1 100 -1 85 -1 -1 -1 22 21 -1 -1 -1 -1 -1 -1 -1 -1 -1 83 62 12 -1 38 -1 55 -1 -1 -1 80 -1 97 5 -1 19 -1 -1 -1 76 83 -1 -1 -1 85 40 79 -1 -1 -1 -1 -1 -1 -1 73 -1 71 -1 -1 100 92 -1 -1 -1 -1 -1 -1 -1 
32 -1 10 -1 -1 -1 30 67 73 -1 51 -1 -1 32 -1 -1 -1 38 -1 98 -1 84 -1 61 -1 36 57 18 -1 100 86 -1 -1 -1 -1 -1 -1 55 62 22 57 -1 -1 -1 -1 6 -1 86 -1 -1 -1 95 37 -1 -1 -1 92 -1 -1 -1 -1 -1 -1 -1 -1 55 15 78 3 -1 -1 -1 -1 -1 -1 -1 83 87 -1 56 -1 2 -1 72 -1 -1 24 -1 85 -1 -1 -1 97 3 -1 -1 -1 -1 -1 -1 
-1 33 -1 -1 62 -1 81 -1 1 8 3 -1 30 27 -1 -1 -1 -1 -1 3 -1 -1 -1 36 -1 -1 -1 -1 -1 15 -1 -1 -1 -1 -1 -1 -1 72 -1 -1 -1 45 76 -1 -1 56 -1 34 -1 -1 23 -1 5 -1 -1 -1 -1 -1 -1 39 -1 -1 -1 56 -1 -1 -1 62 -1 -1 -1 20 -1 47 -1 46 -1 24 -1 -1 15 52 -1 23 1 -1 -1 24 70 -1 80 68 43 -1 -1 -1 -1 -1 -1 39 
33 85 -1 -1 -1 -1 -1 -1 -1 -1 -1 56 -1 -1 -1 -1 -1 99 -1 -1 -1 -1 -1 -1 -1 87 -1 -1 -1 -1 -1 -1 -1 -1 -1 45 -1 22 28 -1 -1 68 84 24 -1 39 -1 12 -1 -1 -1 39 63 -1 74 -1 -1 -1 4 -1 -1 91 -1 -1 13 84 -1 24 25 -1 -1 78 32 -1 -1 -1 -1 -1 -1 -1 -1 -1 -1 -1 29 91 -1 -1 -1 -1 -1 -1 57 -1 86 -1 -1 -1 39 -1 
