100
-1 75 -1 -1 -1 -1 22 -1 -1 97 22 -1 -1 -1 -1 -1 -1 -1 -1 24 -1 -1 -1 -1 -1 -1 -1 74 -1 -1 -1 -1 -1 -1 -1 -1 -1 -1 -1 -1 -1 -1 -1 -1 -1 -1 -1 53 -1 -1 -1 54 -1 -1 -1 -1 -1 99 77 -1 56 -1 23 100 -1 67 -1 -1 35 -1 -1 -1 -1 -1 -1 -1 -1 -1 -1 -1 -1 -1 -1 -1 60 -1 -1 -1 -1 -1 33 -1 -1 82 -1 -1 -1 -1 -1 -1 
75 -1 -1 -1 -1 49 87 -1 -1 -1 74 -1 -1 -1 29 99 -1 -1 -1 -1 54 -1 -1 43 -1 -1 -1 -1 -1 20 -1 -1 -1 88 63 -1 -1 -1 -1 -1 -1 -1 77 -1 66 -1 89 -1 -1 -1 -1 -1 -1 -1 -1 -1 -1 -1 -1 -1 -1 -1 -1 -1 -1 -1 -1 -1 61 -1 -1 -1 -1 -1 -1 -1 -1 -1 -1 65 -1 -1 -1 -1 -1 -1 -1 -1 -1 93 80 -1 -1 -1 -1 -1 -1 -1 -1 -1 
-1 -1 -1 -1 31 -1 -1 -1 -1 -1 -1 -1 -1 -1 -1 -1 -1 -1 -1 -1 -1 -1 -1 -1 -1 -1 53 86 -1 -1 -1 -1 -1 -1 -1 -1 -1 27 -1 1 -1 -1 -1 -1 -1 -1 -1 -1 -1 -1 -1 -1 -1 -1 -1 -1 -1 -1 -1 -1 8 -1 30 -1 -1 -1 -1 -1 -1 50 18 -1 -1 -1 41 -1 -1 -1 -1 -1 -1 8 -1 -1 -1 -1 55 -1 25 -1 -1 -1 -1 -1 -1 -1 31 -1 -1 -1 
-1 -1 -1 -1 82 -1 98 -1 49 -1 -1 -1 -1 -1 -1 61 72 -1 -1 -1 -1 -1 -1 -1 -1 -1 75 -1 -1 -1 -1 -1 -1 -1 -1 -1 -1 -1 -1 62 55 -1 -1 -1 -1 -1 -1 -1 66 -1 89 -1 -1 -1 -1 -1 40 -1 -1 -1 -1 74 -1 9 -1 68 -1 -1 -1 -1 -1 -1 -1 -1 80 -1 -1 88 -1 47 -1 -1 -1 -1 -1 10 72 81 -1 -1 -1 -1 -1 -1 -1 -1 -1 -1 40 19 
-1 -1 31 82 -1 -1 -1 -1 -1 -1 -1 -1 -1 -1 -1 -1 -1 -1 -1 -1 14 16 -1 -1 -1 -1 -1 -1 -1 -1 94 -1 -1 -1 74 -1 29 53 -1 -1 -1 -1 -1 -1 -1 -1 -1 -1 -1 -1 -1 -1 -1 -1 -1 83 -1 -1 -1 58 -1 -1 -1 -1 -1 22 -1 -1 -1 -1 -1 -1 -1 -1 -1 -1 -1 -1 98 63 -1 -1 -1 -1 10 -1 -1 -1 -1 -1 89 2 -1 69 -1 76 -1 22 -1 -1 
-1 49 -1 -1 -1 -1 -1 -1 -1 78 -1 -1 -1 56 46 -1 -1 -1 -1 31 62 72 4 -1 -1 -1 20 60 99 -1 31 -1 -1 24 -1 -1 -1 -1 89 -1 78 -1 -1 -1 89 -1 -1 -1 -1 -1 -1 -1 69 -1 -1 -1 -1 -1 -1 -1 -1 92 -1 -1 99 -1 -1 50 61 41 20 83 -1 -1 -1 -1 59 -1 -1 -1 91 -1 -1 -1 -1 -1 -1 -1 -1 -1 -1 -1 -1 -1 -1 -1 -1 -1 -1 -1 
22 87 -1 98 -1 -1 -1 -1 -1 -1 -1 -1 -1 -1 23 -1 -1 -1 -1 -1 -1 -1 -1 -1 88 -1 -1 -1 -1 10 32 -1 -1 -1 -1 33 -1 -1 29 -1 -1 -1 -1 55 -1 -1 -1 -1 22 -1 -1 -1 -1 -1 -1 61 -1 -1 43 -1 -1 -1 -1 -1 76 -1 10 37 -1 -1 -1 78 10 -1 -1 -1 -1 54 -1 -1 -1 -1 -1 -1 -1 -1 11 -1 -1 93 -1 -1 -1 28 77 -1 -1 -1 -1 -1 
-1 -1 -1 -1 -1 -1 -1 -1 -1 27 -1 -1 -1 -1 -1 -1 3 -1 -1 -1 -1 -1 -1 -1 -1 -1 -1 -1 -1 -1 -1 -1 -1 -1 -1 -1 -1 -1 -1 100 -1 61 -1 -1 -1 -1 78 -1 -1 -1 -1 -1 -1 -1 -1 -1 -1 -1 -1 -1 52 -1 -1 8 83 -1 5 -1 -1 -1 -1 -1 -1 -1 -1 -1 -1 -1 -1 25 -1 -1 -1 -1 -1 35 -1 -1 -1 -1 -1 -1 -1 -1 -1 -1 -1 -1 -1 96 
-1 -1 -1 49 -1 -1 -1 -1 -1 -1 -1 -1 -1 -1 -1 -1 -1 -1 75 -1 2 26 -1 26 -1 -1 -1 -1 -1 -1 -1 -1 -1 -1 84 95 -1 -1 -1 -1 -1 -1 -1 8 -1 -1 -1 34 -1 -1 62 40 -1 -1 -1 -1 -1 -1 -1 55 -1 -1 -1 -1 -1 -1 28 -1 76 -1 -1 -1 -1 89 -1 -1 -1 -1 83 -1 -1 -1 64 -1 74 59 -1 -1 -1 -1 -1 -1 -1 -1 -1 -1 -1 -1 98 -1 
97 -1 -1 -1 -1 78 -1 27 -1 -1 -1 -1 -1 -1 -1 -1 -1 -1 -1 -1 -1 -1 -1 -1 -1 -1 -1 74 -1 -1 -1 -1 -1 93 -1 -1 -1 -1 -1 -1 -1 -1 -1 -1 -1 -1 -1 -1 -1 -1 -1 -1 -1 -1 -1 -1 -1 -1 -1 -1 -1 -1 -1 -1 64 -1 -1 -1 -1 -1 -1 -1 64 -1 76 -1 -1 -1 -1 -1 -1 -1 -1 -1 -1 -1 -1 -1 -1 -1 -1 -1 -1 -1 -1 -1 77 -1 -1 -1 
22 74 -1 -1 -1 -1 -1 -1 -1 -1 -1 -1 -1 -1 -1 -1 -1 -1 -1 -1 -1 -1 -1 -1 -1 -1 -1 -1 -1 65 -1 53 -1 90 -1 -1 -1 -1 -1 -1 49 -1 -1 -1 -1 -1 -1 -1 -1 -1 -1 -1 91 -1 -1 -1 -1 -1 -1 -1 -1 -1 -1 -1 85 -1 -1 -1 -1 -1 -1 -1 51 -1 60 -1 -1 55 -1 -1 -1 -1 -1 -1 -1 74 -1 -1 -1 81 -1 -1 -1 -1 -1 -1 -1 -1 -1 -1 
-1 -1 -1 -1 -1 -1 -1 -1 -1 -1 -1 -1 -1 -1 48 28 -1 -1 -1 -1 -1 12 -1 -1 -1 -1 -1 -1 45 -1 -1 -1 -1 -1 -1 -1 -1 -1 -1 -1 -1 -1 -1 -1 65 -1 -1 -1 -1 -1 -1 -1 -1 -1 -1 -1 -1 -1 -1 -1 -1 -1 9 -1 -1 -1 -1 -1 -1 -1 -1 -1 -1 -1 -1 -1 20 -1 73 51 -1 -1 28 -1 12 -1 -1 -1 -1 -1 81 -1 -1 -1 -1 -1 -1 -1 -1 -1 
-1 -1 -1 -1 -1 -1 -1 -1 -1 -1 -1 -1 -1 -1 -1 -1 -1 -1 -1 -1 -1 -1 -1 -1 -1 -1 -1 -1 -1 -1 -1 -1 41 -1 -1 -1 -1 -1 13 -1 -1 -1 -1 -1 -1 -1 -1 -1 -1 98 -1 -1 25 52 -1 -1 -1 -1 -1 -1 -1 -1 -1 -1 -1 -1 -1 -1 -1 -1 -1 -1 -1 -1 -1 -1 20 -1 90 -1 -1 -1 -1 -1 -1 -1 -1 -1 -1 -1 -1 -1 -1 -1 -1 -1 -1 63 -1 -1 
-1 -1 -1 -1 -1 56 -1 -1 -1 -1 -1 -1 -1 -1 -1 -1 -1 -1 -1 49 28 -1 -1 85 -1 -1 -1 15 -1 95 -1 28 -1 -1 -1 -1 -1 11 -1 -1 -1 -1 -1 -1 -1 -1 -1 14 70 -1 -1 -1 -1 70 -1 -1 -1 -1 -1 -1 -1 55 -1 -1 -1 -1 -1 -1 -1 -1 -1 -1 -1 -1 -1 -1 -1 -1 -1 -1 -1 -1 -1 -1 -1 -1 -1 -1 -1 -1 60 -1 -1 -1 -1 -1 -1 -1 -1 -1 
-1 29 -1 -1 -1 46 23 -1 -1 -1 -1 48 -1 -1 -1 -1 -1 -1 -1 -1 2 -1 -1 -1 -1 -1 -1 -1 -1 -1 -1 -1 -1 -1 33 -1 -1 17 -1 -1 22 -1 -1 -1 22 81 99 -1 -1 -1 80 -1 -1 -1 -1 -1 42 -1 72 47 -1 -1 -1 -1 -1 -1 -1 -1 -1 71 -1 -1 46 -1 -1 -1 -1 -1 93 99 -1 -1 -1 70 -1 34 -1 -1 -1 -1 -1 -1 -1 -1 38 47 -1 -1 -1 -1 
-1 99 -1 61 -1 -1 -1 -1 -1 -1 -1 28 -1 -1 -1 -1 -1 -1 -1 -1 -1 96 -1 -1 -1 -1 25 -1 -1 39 -1 -1 -1 42 -1 -1 -1 -1 -1 -1 -1 -1 -1 -1 -1 -1 -1 -1 -1 -1 -1 -1 -1 -1 -1 63 -1 -1 -1 -1 -1 1 34 -1 -1 1 -1 -1 -1 -1 84 -1 -1 -1 -1 -1 -1 -1 -1 -1 -1 -1 -1 -1 -1 -1 -1 -1 15 -1 -1 -1 -1 -1 -1 -1 44 45 -1 -1 
-1 -1 -1 72 -1 -1 -1 3 -1 -1 -1 -1 -1 -1 -1 -1 -1 -1 -1 -1 -1 -1 -1 -1 26 -1 -1 -1 -1 89 -1 -1 14 -1 -1 -1 -1 -1 -1 -1 42 -1 -1 -1 -1 32 -1 -1 -1 -1 -1 -1 -1 -1 -1 -1 -1 -1 -1 -1 -1 -1 92 -1 -1 -1 -1 55 -1 64 28 -1 83 -1 -1 -1 -1 -1 -1 -1 80 -1 -1 -1 -1 -1 -1 -1 53 -1 98 -1 -1 81 -1 -1 -1 -1 -1 -1 
-1 -1 -1 -1 -1 -1 -1 -1 -1 -1 -1 -1 -1 -1 -1 -1 -1 -1 77 -1 -1 -1 -1 -1 49 -1 -1 -1 -1 -1 -1 -1 -1 -1 -1 -1 -1 -1 60 -1 -1 -1 33 -1 -1 -1 -1 -1 -1 -1 -1 -1 -1 -1 37 26 -1 -1 -1 66 -1 -1 60 -1 -1 -1 57 -1 -1 -1 -1 -1 -1 -1 73 -1 -1 -1 22 -1 -1 -1 -1 7 -1 -1 -1 -1 -1 -1 -1 -1 1 -1 -1 -1 -1 -1 -1 -1 
-1 -1 -1 -1 -1 -1 -1 -1 75 -1 -1 -1 -1 -1 -1 -1 -1 77 -1 -1 -1 -1 -1 -1 -1 -1 -1 -1 -1 -1 -1 -1 -1 -1 -1 81 -1 85 -1 -1 -1 -1 -1 -1 -1 -1 -1 27 -1 -1 64 -1 -1 82 -1 -1 -1 68 59 -1 53 -1 -1 74 67 -1 -1 21 -1 -1 -1 -1 -1 -1 -1 67 -1 -1 -1 -1 -1 -1 62 -1 -1 -1 -1 -1 -1 -1 -1 -1 -1 -1 -1 -1 -1 -1 -1 -1 
24 -1 -1 -1 -1 31 -1 -1 -1 -1 -1 -1 -1 49 -1 -1 -1 -1 -1 -1 -1 78 -1 -1 -1 -1 -1 -1 -1 -1 -1 -1 -1 -1 -1 -1 49 -1 -1 -1 -1 -1 46 -1 -1 -1 -1 -1 -1 -1 -1 -1 -1 65 -1 -1 -1 9 -1 16 -1 -1 -1 -1 3 -1 90 -1 -1 -1 -1 -1 -1 -1 -1 -1 -1 -1 34 -1 -1 10 -1 -1 -1 -1 -1 -1 60 -1 -1 -1 -1 -1 -1 -1 -1 -1 -1 -1 
-1 54 -1 -1 14 62 -1 -1 2 -1 -1 -1 -1 28 2 -1 -1 -1 -1 -1 -1 11 -1 -1 -1 -1 -1 -1 -1 96 -1 -1 -1 -1 -1 -1 -1 -1 -1 -1 -1 3 -1 -1 -1 -1 23 5 69 -1 -1 26 -1 -1 -1 -1 -1 -1 -1 -1 -1 -1 -1 -1 90 -1 -1 -1 -1 -1 -1 -1 -1 85 -1 -1 -1 -1 -1 -1 -1 -1 -1 98 -1 90 -1 -1 -1 -1 -1 -1 -1 -1 -1 75 -1 25 -1 -1 
-1 -1 -1 -1 16 72 -1 -1 26 -1 -1 12 -1 -1 -1 96 -1 -1 -1 78 11 -1 -1 -1 -1 -1 92 50 -1 -1 82 -1 -1 -1 -1 22 -1 -1 85 -1 -1 -1 -1 -1 -1 -1 -1 93 -1 -1 -1 -1 14 -1 98 -1 -1 -1 -1 -1 -1 -1 -1 -1 -1 -1 -1 -1 -1 -1 -1 -1 -1 -1 -1 -1 -1 -1 -1 -1 -1 48 75 -1 -1 -1 -1 -1 10 -1 -1 -1 -1 -1 -1 -1 -1 -1 -1 -1 
-1 -1 -1 -1 -1 4 -1 -1 -1 -1 -1 -1 -1 -1 -1 -1 -1 -1 -1 -1 -1 -1 -1 -1 -1 -1 -1 -1 -1 -1 -1 -1 -1 -1 -1 -1 -1 -1 -1 -1 -1 -1 -1 -1 -1 76 53 90 -1 -1 -1 -1 -1 -1 -1 -1 -1 -1 -1 36 -1 90 -1 -1 -1 -1 -1 -1 -1 -1 -1 -1 -1 -1 97 82 -1 -1 -1 -1 -1 -1 56 -1 -1 -1 -1 -1 -1 -1 -1 -1 -1 -1 -1 -1 -1 -1 -1 -1 
-1 43 -1 -1 -1 -1 -1 -1 26 -1 -1 -1 -1 85 -1 -1 -1 -1 -1 -1 -1 -1 -1 -1 -1 -1 3 -1 -1 -1 -1 -1 -1 -1 -1 -1 -1 69 -1 -1 -1 37 -1 -1 -1 -1 -1 -1 -1 -1 -1 -1 -1 -1 25 -1 -1 -1 75 -1 -1 -1 -1 89 -1 -1 93 -1 -1 -1 -1 -1 40 95 -1 -1 9 -1 -1 -1 -1 -1 -1 -1 -1 73 -1 -1 61 -1 -1 -1 -1 -1 -1 -1 -1 -1 47 -1 
-1 -1 -1 -1 -1 -1 88 -1 -1 -1 -1 -1 -1 -1 -1 -1 26 49 -1 -1 -1 -1 -1 -1 -1 87 43 -1 -1 31 -1 -1 -1 -1 -1 -1 -1 40 -1 -1 -1 96 -1 -1 29 32 21 -1 -1 -1 -1 -1 -1 -1 -1 -1 -1 -1 -1 -1 84 -1 -1 -1 -1 -1 -1 -1 -1 94 -1 37 -1 -1 -1 -1 49 -1 -1 -1 -1 -1 -1 -1 -1 -1 -1 -1 -1 2 -1 -1 -1 -1 86 -1 79 -1 68 12 
-1 -1 -1 -1 -1 -1 -1 -1 -1 -1 -1 -1 -1 -1 -1 -1 -1 -1 -1 -1 -1 -1 -1 -1 87 -1 -1 -1 -1 -1 -1 -1 -1 -1 -1 -1 -1 79 -1 23 -1 -1 9 -1 -1 -1 -1 46 -1 -1 -1 38 -1 -1 -1 -1 -1 -1 34 -1 -1 -1 1 -1 -1 -1 -1 -1 52 -1 -1 -1 -1 17 23 -1 -1 -1 -1 -1 40 -1 -1 -1 -1 -1 -1 -1 -1 -1 -1 -1 -1 -1 -1 -1 -1 -1 19 11 
-1 -1 53 75 -1 20 -1 -1 -1 -1 -1 -1 -1 -1 -1 25 -1 -1 -1 -1 -1 92 -1 3 43 -1 -1 -1 -1 -1 2 -1 64 -1 -1 -1 -1 -1 -1 -1 -1 -1 -1 -1 -1 48 -1 -1 -1 -1 83 -1 -1 -1 -1 -1 4 -1 -1 -1 -1 -1 -1 -1 -1 -1 -1 -1 -1 -1 -1 -1 -1 -1 -1 45 -1 -1 -1 -1 -1 51 -1 -1 -1 83 -1 -1 73 -1 5 -1 -1 -1 16 -1 22 -1 -1 -1 
74 -1 86 -1 -1 60 -1 -1 -1 74 -1 -1 -1 15 -1 -1 -1 -1 -1 -1 -1 50 -1 -1 -1 -1 -1 -1 -1 -1 -1 -1 -1 -1 -1 -1 -1 76 -1 -1 -1 -1 -1 -1 -1 -1 -1 -1 -1 61 -1 -1 -1 -1 -1 -1 -1 -1 92 75 -1 33 39 84 -1 -1 -1 -1 11 -1 -1 26 -1 -1 -1 -1 -1 -1 85 -1 -1 -1 -1 -1 -1 -1 -1 -1 -1 97 -1 -1 -1 -1 -1 -1 -1 -1 94 -1 
-1 -1 -1 -1 -1 99 -1 -1 -1 -1 -1 45 -1 -1 -1 -1 -1 -1 -1 -1 -1 -1 -1 -1 -1 -1 -1 -1 -1 -1 -1 -1 -1 46 44 -1 -1 -1 79 -1 -1 -1 -1 -1 -1 -1 -1 -1 35 -1 -1 -1 -1 -1 -1 -1 -1 -1 -1 4 -1 -1 -1 -1 -1 -1 -1 -1 -1 -1 -1 52 -1 26 -1 -1 -1 -1 -1 -1 -1 83 -1 -1 -1 -1 -1 -1 -1 6 -1 3 -1 -1 -1 -1 -1 -1 -1 -1 
-1 20 -1 -1 -1 -1 10 -1 -1 -1 65 -1 -1 95 -1 39 89 -1 -1 -1 96 -1 -1 -1 31 -1 -1 -1 -1 -1 -1 -1 -1 -1 -1 47 -1 70 75 -1 -1 -1 -1 -1 -1 -1 -1 -1 -1 -1 38 -1 -1 -1 -1 -1 -1 -1 -1 -1 83 41 -1 -1 40 -1 -1 34 -1 -1 -1 -1 -1 -1 -1 -1 -1 -1 -1 -1 -1 -1 85 -1 -1 -1 -1 -1 -1 -1 64 -1 -1 -1 -1 -1 -1 8 -1 -1 
-1 -1 -1 -1 94 31 32 -1 -1 -1 -1 -1 -1 -1 -1 -1 -1 -1 -1 -1 -1 82 -1 -1 -1 -1 2 -1 -1 -1 -1 -1 -1 -1 -1 -1 -1 -1 34 64 -1 -1 -1 -1 -1 -1 99 -1 -1 -1 50 -1 -1 81 -1 -1 -1 -1 -1 -1 68 -1 -1 -1 -1 -1 -1 14 -1 -1 -1 -1 -1 -1 -1 -1 -1 -1 -1 -1 -1 -1 -1 -1 -1 -1 -1 -1 -1 -1 -1 12 -1 -1 -1 -1 -1 -1 41 -1 
-1 -1 -1 -1 -1 -1 -1 -1 -1 -1 53 -1 -1 28 -1 -1 -1 -1 -1 -1 -1 -1 -1 -1 -1 -1 -1 -1 -1 -1 -1 -1 -1 -1 -1 17 50 -1 -1 -1 -1 -1 -1 -1 -1 -1 -1 -1 -1 54 -1 -1 -1 59 -1 -1 -1 -1 -1 51 -1 -1 -1 -1 -1 -1 58 -1 -1 -1 -1 -1 -1 -1 -1 -1 -1 -1 -1 -1 -1 -1 91 -1 -1 -1 -1 21 -1 -1 -1 -1 -1 -1 -1 -1 -1 -1 -1 -1 
-1 -1 -1 -1 -1 -1 -1 -1 -1 -1 -1 -1 41 -1 -1 -1 14 -1 -1 -1 -1 -1 -1 -1 -1 -1 64 -1 -1 -1 -1 -1 -1 -1 -1 -1 -1 -1 48 -1 -1 -1 -1 64 -1 -1 -1 -1 -1 -1 -1 -1 -1 -1 -1 -1 -1 -1 -1 -1 -1 -1 56 -1 -1 95 -1 -1 89 -1 -1 -1 48 -1 25 -1 -1 75 -1 -1 -1 60 -1 -1 -1 68 -1 85 -1 -1 -1 -1 -1 -1 -1 -1 -1 -1 -1 -1 
-1 88 -1 -1 -1 24 -1 -1 -1 93 90 -1 -1 -1 -1 42 -1 -1 -1 -1 -1 -1 -1 -1 -1 -1 -1 -1 46 -1 -1 -1 -1 -1 -1 -1 -1 -1 -1 -1 -1 -1 -1 5 -1 -1 51 -1 -1 53 -1 -1 21 -1 -1 -1 -1 25 -1 -1 -1 -1 -1 -1 -1 -1 58 -1 -1 78 -1 7 -1 96 -1 -1 -1 -1 -1 -1 -1 -1 54 -1 -1 -1 -1 -1 85 -1 -1 -1 -1 -1 -1 -1 -1 -1 -1 -1 
-1 63 -1 -1 74 -1 -1 -1 84 -1 -1 -1 -1 -1 33 -1 -1 -1 -1 -1 -1 -1 -1 -1 -1 -1 -1 -1 44 -1 -1 -1 -1 -1 -1 -1 -1 -1 -1 -1 57 -1 -1 -1 -1 -1 -1 -1 -1 -1 -1 -1 -1 -1 -1 -1 -1 -1 -1 -1 -1 -1 -1 -1 25 -1 -1 -1 -1 -1 -1 -1 -1 -1 -1 -1 -1 -1 55 55 -1 -1 -1 -1 -1 -1 -1 -1 -1 -1 -1 97 25 -1 -1 -1 -1 -1 -1 -1 
-1 -1 -1 -1 -1 -1 33 -1 95 -1 -1 -1 -1 -1 -1 -1 -1 -1 81 -1 -1 22 -1 -1 -1 -1 -1 -1 -1 47 -1 17 -1 -1 -1 -1 3 -1 -1 -1 -1 -1 -1 -1 -1 -1 -1 4 -1 63 -1 -1 -1 -1 -1 -1 34 -1 -1 25 99 -1 -1 -1 5 -1 -1 -1 -1 -1 -1 -1 -1 -1 -1 45 -1 -1 7 75 -1 38 -1 -1 -1 -1 -1 35 -1 -1 -1 -1 -1 -1 -1 90 -1 -1 -1 -1 
-1 -1 -1 -1 29 -1 -1 -1 -1 -1 -1 -1 -1 -1 -1 -1 -1 -1 -1 49 -1 -1 -1 -1 -1 -1 -1 -1 -1 -1 -1 50 -1 -1 -1 3 -1 -1 11 -1 -1 13 -1 -1 53 -1 -1 -1 -1 -1 -1 -1 -1 -1 -1 -1 -1 -1 32 65 -1 -1 -1 54 -1 -1 74 68 -1 22 86 -1 -1 -1 -1 -1 -1 -1 66 -1 -1 -1 -1 -1 70 -1 -1 92 -1 -1 -1 -1 61 43 -1 -1 -1 -1 -1 -1 
-1 -1 27 -1 53 -1 -1 -1 -1 -1 -1 -1 -1 11 17 -1 -1 -1 85 -1 -1 -1 -1 69 40 79 -1 76 -1 70 -1 -1 -1 -1 -1 -1 -1 -1 -1 23 -1 -1 -1 81 5 96 -1 -1 -1 -1 -1 -1 -1 -1 42 -1 -1 -1 -1 -1 -1 -1 -1 79 79 -1 -1 -1 -1 -1 -1 -1 -1 31 -1 -1 -1 -1 -1 -1 100 -1 -1 -1 -1 -1 -1 -1 -1 83 -1 -1 -1 -1 -1 -1 45 -1 -1 -1 
-1 -1 -1 -1 -1 89 29 -1 -1 -1 -1 -1 13 -1 -1 -1 -1 60 -1 -1 -1 85 -1 -1 -1 -1 -1 -1 79 75 34 -1 48 -1 -1 -1 11 -1 -1 -1 -1 -1 -1 -1 -1 -1 -1 -1 -1 -1 72 -1 -1 -1 63 -1 -1 -1 -1 -1 -1 -1 -1 -1 -1 54 -1 78 -1 -1 -1 -1 -1 -1 -1 -1 -1 -1 -1 -1 96 -1 -1 -1 -1 31 -1 -1 -1 5 -1 -1 -1 -1 -1 -1 -1 -1 -1 -1 
-1 -1 1 62 -1 -1 -1 100 -1 -1 -1 -1 -1 -1 -1 -1 -1 -1 -1 -1 -1 -1 -1 -1 -1 23 -1 -1 -1 -1 64 -1 -1 -1 -1 -1 -1 23 -1 -1 68 -1 -1 -1 -1 69 38 -1 -1 -1 -1 -1 -1 -1 -1 -1 -1 -1 -1 -1 -1 16 -1 -1 -1 -1 -1 12 -1 -1 -1 -1 -1 -1 -1 -1 -1 -1 -1 -1 80 -1 38 -1 -1 -1 -1 -1 -1 -1 -1 -1 58 -1 58 -1 -1 -1 -1 -1 
-1 -1 -1 55 -1 78 -1 -1 -1 -1 49 -1 -1 -1 22 -1 42 -1 -1 -1 -1 -1 -1 -1 -1 -1 -1 -1 -1 -1 -1 -1 -1 -1 57 -1 -1 -1 -1 68 -1 -1 -1 9 -1 -1 -1 -1 -1 -1 -1 -1 25 14 13 -1 -1 -1 -1 -1 -1 -1 15 -1 57 -1 -1 91 -1 91 -1 -1 -1 -1 -1 -1 -1 -1 -1 -1 60 -1 -1 93 -1 -1 -1 -1 -1 -1 -1 -1 -1 -1 -1 -1 -1 -1 -1 -1 
-1 -1 -1 -1 -1 -1 -1 61 -1 -1 -1 -1 -1 -1 -1 -1 -1 -1 -1 -1 3 -1 -1 37 96 -1 -1 -1 -1 -1 -1 -1 -1 -1 -1 -1 13 -1 -1 -1 -1 -1 -1 -1 -1 -1 -1 -1 -1 91 -1 -1 -1 -1 -1 36 -1 -1 -1 -1 -1 -1 -1 77 -1 -1 -1 -1 -1 -1 38 -1 -1 -1 -1 -1 -1 20 -1 94 65 51 61 -1 -1 -1 -1 -1 -1 -1 -1 -1 -1 56 5 -1 -1 -1 -1 -1 
-1 77 -1 -1 -1 -1 -1 -1 -1 -1 -1 -1 -1 -1 -1 -1 -1 33 -1 46 -1 -1 -1 -1 -1 9 -1 -1 -1 -1 -1 -1 -1 -1 -1 -1 -1 -1 -1 -1 -1 -1 -1 -1 -1 -1 16 -1 -1 -1 -1 -1 -1 -1 -1 -1 -1 73 -1 95 -1 -1 70 -1 -1 -1 -1 44 -1 -1 -1 -1 -1 -1 -1 -1 -1 -1 56 -1 -1 -1 -1 94 -1 32 -1 -1 -1 -1 -1 -1 -1 -1 -1 5 79 -1 -1 -1 
-1 -1 -1 -1 -1 -1 55 -1 8 -1 -1 -1 -1 -1 -1 -1 -1 -1 -1 -1 -1 -1 -1 -1 -1 -1 -1 -1 -1 -1 -1 -1 64 5 -1 -1 -1 81 -1 -1 9 -1 -1 -1 -1 -1 -1 -1 -1 -1 -1 -1 -1 -1 -1 -1 -1 -1 -1 -1 -1 -1 -1 -1 -1 -1 -1 30 -1 -1 -1 -1 40 -1 -1 -1 32 -1 14 -1 -1 -1 -1 -1 47 -1 -1 -1 -1 -1 -1 -1 -1 48 -1 -1 -1 -1 -1 -1 
-1 66 -1 -1 -1 89 -1 -1 -1 -1 -1 65 -1 -1 22 -1 -1 -1 -1 -1 -1 -1 -1 -1 29 -1 -1 -1 -1 -1 -1 -1 -1 -1 -1 -1 53 5 -1 -1 -1 -1 -1 -1 -1 -1 -1 -1 -1 -1 -1 -1 -1 -1 -1 -1 -1 -1 -1 7 52 37 -1 -1 -1 -1 56 -1 -1 -1 -1 -1 -1 -1 -1 -1 -1 -1 -1 -1 -1 -1 -1 -1 -1 -1 -1 -1 -1 -1 -1 -1 -1 -1 -1 45 -1 -1 -1 80 
-1 -1 -1 -1 -1 -1 -1 -1 -1 -1 -1 -1 -1 -1 81 -1 32 -1 -1 -1 -1 -1 76 -1 32 -1 48 -1 -1 -1 -1 -1 -1 -1 -1 -1 -1 96 -1 69 -1 -1 -1 -1 -1 -1 18 -1 -1 -1 -1 -1 -1 -1 -1 -1 -1 -1 -1 -1 -1 -1 -1 -1 -1 -1 -1 -1 -1 -1 -1 -1 -1 -1 -1 -1 -1 -1 -1 -1 -1 55 -1 -1 -1 57 -1 -1 44 -1 -1 12 -1 33 14 -1 -1 -1 -1 -1 
-1 89 -1 -1 -1 -1 -1 78 -1 -1 -1 -1 -1 -1 99 -1 -1 -1 -1 -1 23 -1 53 -1 21 -1 -1 -1 -1 -1 99 -1 -1 51 -1 -1 -1 -1 -1 38 -1 -1 16 -1 -1 18 -1 -1 -1 -1 -1 9 -1 -1 -1 -1 -1 -1 -1 -1 -1 -1 -1 -1 -1 -1 -1 -1 -1 50 -1 -1 98 22 -1 -1 -1 -1 -1 -1 -1 24 71 -1 -1 -1 -1 -1 -1 -1 -1 -1 -1 -1 91 -1 -1 -1 -1 -1 
53 -1 -1 -1 -1 -1 -1 -1 34 -1 -1 -1 -1 14 -1 -1 -1 -1 27 -1 5 93 90 -1 -1 46 -1 -1 -1 -1 -1 -1 -1 -1 -1 4 -1 -1 -1 -1 -1 -1 -1 -1 -1 -1 -1 -1 77 -1 -1 -1 -1 -1 -1 -1 -1 34 -1 -1 19 -1 -1 -1 -1 -1 -1 -1 -1 7 -1 -1 -1 63 -1 -1 -1 -1 -1 -1 -1 -1 -1 76 -1 -1 -1 -1 -1 55 -1 -1 -1 86 75 -1 -1 -1 -1 -1 
-1 -1 -1 66 -1 -1 22 -1 -1 -1 -1 -1 -1 70 -1 -1 -1 -1 -1 -1 69 -1 -1 -1 -1 -1 -1 -1 35 -1 -1 -1 -1 -1 -1 -1 -1 -1 -1 -1 -1 -1 -1 -1 -1 -1 -1 77 -1 -1 -1 -1 -1 -1 15 -1 60 -1 -1 -1 -1 -1 -1 -1 -1 -1 -1 -1 67 -1 -1 -1 -1 -1 -1 -1 -1 -1 -1 -1 -1 -1 73 -1 -1 -1 31 -1 -1 84 -1 -1 -1 41 -1 -1 -1 -1 -1 81 
-1 -1 -1 -1 -1 -1 -1 -1 -1 -1 -1 -1 98 -1 -1 -1 -1 -1 -1 -1 -1 -1 -1 -1 -1 -1 -1 61 -1 -1 -1 54 -1 53 -1 63 -1 -1 -1 -1 -1 91 -1 -1 -1 -1 -1 -1 -1 -1 -1 -1 -1 48 -1 -1 -1 -1 -1 -1 -1 -1 -1 -1 82 -1 -1 -1 -1 -1 -1 -1 -1 -1 -1 -1 -1 -1 -1 -1 -1 -1 -1 -1 53 -1 -1 -1 -1 -1 -1 -1 -1 -1 -1 -1 -1 54 16 -1 
-1 -1 -1 89 -1 -1 -1 -1 62 -1 -1 -1 -1 -1 80 -1 -1 -1 64 -1 -1 -1 -1 -1 -1 -1 83 -1 -1 38 50 -1 -1 -1 -1 -1 -1 -1 72 -1 -1 -1 -1 -1 -1 -1 -1 -1 -1 -1 -1 -1 -1 23 -1 -1 8 -1 -1 77 -1 -1 -1 -1 75 -1 -1 -1 -1 -1 -1 68 -1 -1 -1 -1 -1 -1 -1 66 -1 -1 -1 -1 33 -1 -1 -1 -1 -1 -1 -1 -1 81 -1 -1 -1 -1 16 -1 
54 -1 -1 -1 -1 -1 -1 -1 40 -1 -1 -1 -1 -1 -1 -1 -1 -1 -1 -1 26 -1 -1 -1 -1 38 -1 -1 -1 -1 -1 -1 -1 -1 -1 -1 -1 -1 -1 -1 -1 -1 -1 -1 -1 -1 9 -1 -1 -1 -1 -1 -1 -1 63 -1 -1 -1 -1 -1 -1 -1 34 -1 86 -1 -1 -1 -1 -1 -1 48 -1 -1 -1 -1 96 -1 25 -1 -1 -1 -1 -1 -1 -1 -1 -1 -1 72 -1 19 -1 -1 -1 -1 -1 -1 -1 -1 
-1 -1 -1 -1 -1 69 -1 -1 -1 -1 91 -1 25 -1 -1 -1 -1 -1 -1 -1 -1 14 -1 -1 -1 -1 -1 -1 -1 -1 -1 -1 -1 21 -1 -1 -1 -1 -1 -1 25 -1 -1 -1 -1 -1 -1 -1 -1 -1 -1 -1 -1 -1 -1 -1 -1 7 -1 5 -1 -1 -1 -1 -1 -1 -1 -1 -1 -1 -1 88 33 -1 -1 -1 -1 -1 -1 -1 -1 50 -1 -1 -1 -1 -1 -1 -1 -1 -1 -1 -1 -1 -1 -1 -1 84 -1 18 
-1 -1 -1 -1 -1 -1 -1 -1 -1 -1 -1 -1 52 70 -1 -1 -1 -1 82 65 -1 -1 -1 -1 -1 -1 -1 -1 -1 -1 81 59 -1 -1 -1 -1 -1 -1 -1 -1 14 -1 -1 -1 -1 -1 -1 -1 -1 48 23 -1 -1 -1 -1 -1 -1 -1 43 -1 -1 -1 -1 -1 -1 -1 -1 -1 -1 -1 -1 -1 81 -1 -1 -1 88 -1 -1 -1 -1 -1 -1 -1 -1 -1 -1 -1 -1 -1 -1 30 -1 -1 -1 -1 61 -1 75 88 
-1 -1 -1 -1 -1 -1 -1 -1 -1 -1 -1 -1 -1 -1 -1 -1 -1 37 -1 -1 -1 98 -1 25 -1 -1 -1 -1 -1 -1 -1 -1 -1 -1 -1 -1 -1 42 63 -1 13 -1 -1 -1 -1 -1 -1 -1 15 -1 -1 63 -1 -1 -1 -1 -1 -1 -1 89 -1 -1 -1 14 56 -1 15 -1 27 -1 -1 -1 88 -1 -1 73 -1 -1 43 -1 -1 -1 -1 -1 -1 90 -1 -1 -1 -1 -1 -1 -1 -1 -1 -1 -1 -1 -1 -1 
-1 -1 -1 -1 83 -1 61 -1 -1 -1 -1 -1 -1 -1 -1 63 -1 26 -1 -1 -1 -1 -1 -1 -1 -1 -1 -1 -1 -1 -1 -1 -1 -1 -1 -1 -1 -1 -1 -1 -1 36 -1 -1 -1 -1 -1 -1 -1 -1 -1 -1 -1 -1 -1 -1 65 -1 -1 -1 -1 -1 -1 -1 -1 -1 -1 -1 -1 -1 -1 -1 -1 -1 -1 -1 -1 -1 -1 -1 -1 -1 -1 -1 96 -1 -1 6 47 96 -1 -1 46 -1 -1 -1 -1 -1 -1 -1 
-1 -1 -1 40 -1 -1 -1 -1 -1 -1 -1 -1 -1 -1 42 -1 -1 -1 -1 -1 -1 -1 -1 -1 -1 -1 4 -1 -1 -1 -1 -1 -1 -1 -1 34 -1 -1 -1 -1 -1 -1 -1 -1 -1 -1 -1 -1 60 -1 8 -1 -1 -1 -1 65 -1 -1 -1 -1 -1 -1 -1 -1 -1 -1 -1 40 47 -1 -1 57 -1 -1 -1 56 -1 60 52 -1 -1 -1 -1 -1 5 -1 -1 -1 -1 -1 -1 -1 -1 -1 -1 -1 -1 -1 -1 -1 
99 -1 -1 -1 -1 -1 -1 -1 -1 -1 -1 -1 -1 -1 -1 -1 -1 -1 68 9 -1 -1 -1 -1 -1 -1 -1 -1 -1 -1 -1 -1 -1 25 -1 -1 -1 -1 -1 -1 -1 -1 73 -1 -1 -1 -1 34 -1 -1 -1 -1 7 -1 -1 -1 -1 -1 -1 -1 55 -1 -1 93 -1 -1 -1 -1 -1 14 -1 -1 -1 -1 -1 -1 -1 -1 -1 -1 -1 -1 62 -1 -1 -1 -1 -1 71 -1 -1 -1 -1 -1 -1 -1 -1 -1 -1 -1 
77 -1 -1 -1 -1 -1 43 -1 -1 -1 -1 -1 -1 -1 72 -1 -1 -1 59 -1 -1 -1 -1 75 -1 34 -1 92 -1 -1 -1 -1 -1 -1 -1 -1 32 -1 -1 -1 -1 -1 -1 -1 -1 -1 -1 -1 -1 -1 -1 -1 -1 43 -1 -1 -1 -1 -1 -1 -1 -1 -1 -1 -1 -1 -1 -1 -1 -1 -1 -1 99 -1 -1 -1 -1 -1 -1 -1 -1 -1 -1 -1 -1 -1 -1 -1 -1 17 -1 -1 -1 -1 93 -1 97 -1 -1 -1 
-1 -1 -1 -1 58 -1 -1 -1 55 -1 -1 -1 -1 -1 47 -1 -1 66 -1 16 -1 -1 36 -1 -1 -1 -1 75 4 -1 -1 51 -1 -1 -1 25 65 -1 -1 -1 -1 -1 95 -1 7 -1 -1 -1 -1 -1 77 -1 5 -1 89 -1 -1 -1 -1 -1 28 61 -1 -1 -1 -1 -1 -1 -1 -1 67 -1 -1 -1 -1 -1 -1 -1 -1 -1 -1 -1 -1 -1 -1 -1 -1 -1 -1 -1 -1 -1 -1 -1 -1 -1 -1 -1 5 -1 
56 -1 8 -1 -1 -1 -1 52 -1 -1 -1 -1 -1 -1 -1 -1 -1 -1 53 -1 -1 -1 -1 -1 84 -1 -1 -1 -1 83 68 -1 -1 -1 -1 99 -1 -1 -1 -1 -1 -1 -1 -1 52 -1 -1 19 -1 -1 -1 -1 -1 -1 -1 -1 -1 55 -1 28 -1 -1 -1 -1 -1 -1 -1 -1 -1 -1 -1 -1 -1 -1 -1 -1 -1 11 -1 4 -1 -1 -1 -1 -1 -1 -1 -1 -1 1 -1 -1 -1 -1 -1 -1 -1 -1 47 87 
-1 -1 -1 74 -1 92 -1 -1 -1 -1 -1 -1 -1 55 -1 1 -1 -1 -1 -1 -1 -1 90 -1 -1 -1 -1 33 -1 41 -1 -1 -1 -1 -1 -1 -1 -1 -1 16 -1 -1 -1 -1 37 -1 -1 -1 -1 -1 -1 -1 -1 -1 -1 -1 -1 -1 -1 61 -1 -1 -1 -1 -1 -1 -1 -1 -1 -1 -1 -1 -1 -1 -1 -1 -1 -1 -1 17 -1 -1 -1 -1 -1 61 -1 -1 -1 -1 -1 -1 -1 -1 57 -1 -1 -1 -1 -1 
23 -1 30 -1 -1 -1 -1 -1 -1 -1 -1 9 -1 -1 -1 34 92 60 -1 -1 -1 -1 -1 -1 -1 1 -1 39 -1 -1 -1 -1 56 -1 -1 -1 -1 -1 -1 -1 15 -1 70 -1 -1 -1 -1 -1 -1 -1 -1 34 -1 -1 -1 -1 -1 -1 -1 -1 -1 -1 -1 -1 97 -1 -1 -1 -1 -1 -1 -1 -1 -1 -1 -1 -1 -1 -1 -1 -1 97 -1 -1 -1 64 23 89 -1 -1 -1 -1 -1 -1 -1 21 -1 -1 -1 -1 
100 -1 -1 9 -1 -1 -1 8 -1 -1 -1 -1 -1 -1 -1 -1 -1 -1 74 -1 -1 -1 -1 89 -1 -1 -1 84 -1 -1 -1 -1 -1 -1 -1 -1 54 79 -1 -1 -1 77 -1 -1 -1 -1 -1 -1 -1 -1 -1 -1 -1 -1 14 -1 -1 93 -1 -1 -1 -1 -1 -1 -1 -1 85 66 -1 -1 -1 -1 -1 96 -1 -1 -1 -1 -1 -1 -1 -1 -1 -1 -1 -1 -1 -1 83 -1 -1 -1 45 -1 -1 -1 63 -1 -1 -1 
-1 -1 -1 -1 -1 99 76 83 -1 64 85 -1 -1 -1 -1 -1 -1 -1 67 3 90 -1 -1 -1 -1 -1 -1 -1 -1 40 -1 -1 -1 -1 25 5 -1 79 -1 -1 57 -1 -1 -1 -1 -1 -1 -1 -1 82 75 86 -1 -1 56 -1 -1 -1 -1 -1 -1 -1 97 -1 -1 63 16 -1 -1 -1 -1 -1 -1 -1 -1 -1 -1 -1 -1 1 -1 -1 -1 -1 -1 -1 -1 -1 -1 -1 -1 57 -1 -1 -1 -1 -1 -1 -1 -1 
67 -1 -1 68 22 -1 -1 -1 -1 -1 -1 -1 -1 -1 -1 1 -1 -1 -1 -1 -1 -1 -1 -1 -1 -1 -1 -1 -1 -1 -1 -1 95 -1 -1 -1 -1 -1 54 -1 -1 -1 -1 -1 -1 -1 -1 -1 -1 -1 -1 -1 -1 -1 -1 -1 -1 -1 -1 -1 -1 -1 -1 -1 63 -1 -1 -1 -1 -1 -1 -1 -1 -1 -1 -1 -1 -1 -1 -1 -1 76 -1 42 -1 -1 -1 32 -1 5 -1 -1 -1 9 -1 86 80 -1 -1 -1 
-1 -1 -1 -1 -1 -1 10 5 28 -1 -1 -1 -1 -1 -1 -1 -1 57 -1 90 -1 -1 -1 93 -1 -1 -1 -1 -1 -1 -1 58 -1 58 -1 -1 74 -1 -1 -1 -1 -1 -1 -1 56 -1 -1 -1 -1 -1 -1 -1 -1 -1 15 -1 -1 -1 -1 -1 -1 -1 -1 85 16 -1 -1 -1 -1 -1 94 -1 11 91 -1 -1 -1 -1 -1 86 -1 -1 -1 -1 -1 97 -1 -1 -1 -1 -1 -1 -1 16 -1 86 -1 -1 -1 -1 
-1 -1 -1 -1 -1 50 37 -1 -1 -1 -1 -1 -1 -1 -1 -1 55 -1 21 -1 -1 -1 -1 -1 -1 -1 -1 -1 -1 34 14 -1 -1 -1 -1 -1 68 -1 78 12 91 -1 44 30 -1 -1 -1 -1 -1 -1 -1 -1 -1 -1 -1 -1 40 -1 -1 -1 -1 -1 -1 66 -1 -1 -1 -1 -1 -1 -1 15 -1 89 -1 -1 -1 -1 -1 -1 -1 -1 -1 56 -1 -1 -1 -1 -1 -1 -1 -1 -1 -1 -1 60 -1 -1 -1 -1 
35 61 -1 -1 -1 61 -1 -1 76 -1 -1 -1 -1 -1 -1 -1 -1 -1 -1 -1 -1 -1 -1 -1 -1 52 -1 11 -1 -1 -1 -1 89 -1 -1 -1 -1 -1 -1 -1 -1 -1 -1 -1 -1 -1 -1 -1 67 -1 -1 -1 -1 -1 27 -1 47 -1 -1 -1 -1 -1 -1 -1 -1 -1 -1 -1 -1 -1 -1 -1 -1 -1 -1 -1 -1 -1 -1 36 -1 -1 -1 -1 -1 -1 -1 -1 -1 -1 -1 -1 -1 -1 -1 -1 36 -1 57 -1 
-1 -1 50 -1 -1 41 -1 -1 -1 -1 -1 -1 -1 -1 71 -1 64 -1 -1 -1 -1 -1 -1 -1 94 -1 -1 -1 -1 -1 -1 -1 -1 78 -1 -1 22 -1 -1 -1 91 -1 -1 -1 -1 -1 50 7 -1 -1 -1 -1 -1 -1 -1 -1 -1 14 -1 -1 -1 -1 -1 -1 -1 -1 -1 -1 -1 -1 72 -1 -1 -1 -1 -1 74 -1 30 -1 87 -1 -1 -1 98 -1 -1 -1 -1 -1 -1 97 -1 -1 60 -1 -1 -1 -1 66 
-1 -1 18 -1 -1 20 -1 -1 -1 -1 -1 -1 -1 -1 -1 84 28 -1 -1 -1 -1 -1 -1 -1 -1 -1 -1 -1 -1 -1 -1 -1 -1 -1 -1 -1 86 -1 -1 -1 -1 38 -1 -1 -1 -1 -1 -1 -1 -1 -1 -1 -1 -1 -1 -1 -1 -1 -1 67 -1 -1 -1 -1 -1 -1 94 -1 -1 72 -1 -1 -1 -1 -1 89 -1 -1 -1 38 96 29 -1 27 -1 47 -1 -1 -1 -1 -1 -1 -1 13 -1 -1 -1 -1 -1 46 
-1 -1 -1 -1 -1 83 78 -1 -1 -1 -1 -1 -1 -1 -1 -1 -1 -1 -1 -1 -1 -1 -1 -1 37 -1 -1 26 52 -1 -1 -1 -1 7 -1 -1 -1 -1 -1 -1 -1 -1 -1 -1 -1 -1 -1 -1 -1 -1 68 48 88 -1 -1 -1 57 -1 -1 -1 -1 -1 -1 -1 -1 -1 -1 15 -1 -1 -1 -1 -1 -1 39 -1 -1 -1 -1 -1 -1 -1 -1 -1 -1 -1 -1 -1 -1 -1 63 -1 -1 37 -1 -1 32 -1 -1 -1 
-1 -1 -1 -1 -1 -1 10 -1 -1 64 51 -1 -1 -1 46 -1 83 -1 -1 -1 -1 -1 -1 40 -1 -1 -1 -1 -1 -1 -1 -1 48 -1 -1 -1 -1 -1 -1 -1 -1 -1 -1 40 -1 -1 98 -1 -1 -1 -1 -1 33 81 88 -1 -1 -1 99 -1 -1 -1 -1 -1 -1 -1 11 -1 -1 -1 -1 -1 -1 11 -1 -1 -1 -1 -1 -1 -1 -1 -1 72 -1 -1 -1 -1 -1 -1 62 -1 -1 -1 -1 -1 -1 -1 -1 -1 
-1 -1 -1 -1 -1 -1 -1 -1 89 -1 -1 -1 -1 -1 -1 -1 -1 -1 -1 -1 85 -1 -1 95 -1 17 -1 -1 26 -1 -1 -1 -1 96 -1 -1 -1 31 -1 -1 -1 -1 -1 -1 -1 -1 22 63 -1 -1 -1 -1 -1 -1 -1 -1 -1 -1 -1 -1 -1 -1 -1 96 -1 -1 91 89 -1 -1 -1 -1 11 -1 -1 -1 -1 -1 -1 -1 -1 -1 -1 -1 -1 -1 -1 -1 -1 -1 -1 -1 -1 -1 -1 -1 -1 -1 -1 -1 
-1 -1 41 80 -1 -1 -1 -1 -1 76 60 -1 -1 -1 -1 -1 -1 73 -1 -1 -1 -1 97 -1 -1 23 -1 -1 -1 -1 -1 -1 25 -1 -1 -1 -1 -1 -1 -1 -1 -1 -1 -1 -1 -1 -1 -1 -1 -1 -1 -1 -1 -1 -1 -1 -1 -1 -1 -1 -1 -1 -1 -1 -1 -1 -1 -1 -1 -1 -1 39 -1 -1 -1 -1 -1 -1 -1 94 -1 64 40 -1 -1 -1 -1 -1 -1 -1 -1 19 -1 -1 -1 -1 -1 90 21 -1 
-1 -1 -1 -1 -1 -1 -1 -1 -1 -1 -1 -1 -1 -1 -1 -1 -1 -1 67 -1 -1 -1 82 -1 -1 -1 45 -1 -1 -1 -1 -1 -1 -1 -1 45 -1 -1 -1 -1 -1 -1 -1 -1 -1 -1 -1 -1 -1 -1 -1 -1 -1 -1 73 -1 56 -1 -1 -1 -1 -1 -1 -1 -1 -1 -1 -1 -1 -1 89 -1 -1 -1 -1 -1 59 -1 -1 39 -1 -1 -1 -1 -1 -1 -1 -1 -1 -1 58 -1 -1 -1 30 -1 -1 40 -1 -1 
-1 -1 -1 -1 -1 59 -1 -1 -1 -1 -1 20 20 -1 -1 -1 -1 -1 -1 -1 -1 -1 -1 9 49 -1 -1 -1 -1 -1 -1 -1 -1 -1 -1 -1 -1 -1 -1 -1 -1 -1 -1 32 -1 -1 -1 -1 -1 -1 -1 96 -1 88 -1 -1 -1 -1 -1 -1 -1 -1 -1 -1 -1 -1 -1 -1 -1 74 -1 -1 -1 -1 -1 59 -1 -1 -1 -1 -1 -1 -1 94 -1 -1 -1 -1 -1 -1 -1 -1 -1 -1 -1 -1 -1 -1 -1 -1 
-1 -1 -1 88 -1 -1 54 -1 -1 -1 55 -1 -1 -1 -1 -1 -1 -1 -1 -1 -1 -1 -1 -1 -1 -1 -1 -1 -1 -1 -1 -1 75 -1 -1 -1 -1 -1 -1 -1 -1 20 -1 -1 -1 -1 -1 -1 -1 -1 -1 -1 -1 -1 -1 -1 60 -1 -1 -1 11 -1 -1 -1 -1 -1 -1 -1 -1 -1 -1 -1 -1 -1 -1 -1 -1 -1 -1 -1 -1 -1 -1 -1 -1 58 -1 -1 -1 92 -1 -1 -1 -1 -1 -1 -1 -1 -1 -1 
-1 -1 -1 -1 98 -1 -1 -1 83 -1 -1 73 90 -1 93 -1 -1 22 -1 34 -1 -1 -1 -1 -1 -1 -1 85 -1 -1 -1 -1 -1 -1 55 7 66 -1 -1 -1 -1 -1 56 14 -1 -1 -1 -1 -1 -1 -1 25 -1 -1 43 -1 52 -1 -1 -1 -1 -1 -1 -1 -1 -1 -1 -1 -1 30 -1 -1 -1 -1 -1 -1 -1 -1 -1 -1 -1 -1 -1 61 -1 -1 -1 -1 -1 -1 -1 -1 -1 -1 -1 -1 -1 -1 -1 38 
-1 65 -1 47 63 -1 -1 25 -1 -1 -1 51 -1 -1 99 -1 -1 -1 -1 -1 -1 -1 -1 -1 -1 -1 -1 -1 -1 -1 -1 -1 -1 -1 55 75 -1 -1 -1 -1 -1 94 -1 -1 -1 -1 -1 -1 -1 -1 66 -1 -1 -1 -1 -1 -1 -1 -1 -1 4 17 -1 -1 1 -1 86 -1 36 -1 38 -1 -1 -1 94 39 -1 -1 -1 -1 -1 -1 82 -1 37 -1 89 -1 -1 -1 -1 -1 89 -1 31 -1 -1 -1 -1 -1 
-1 -1 -1 -1 -1 91 -1 -1 -1 -1 -1 -1 -1 -1 -1 -1 80 -1 -1 -1 -1 -1 -1 -1 -1 40 -1 -1 -1 -1 -1 -1 -1 -1 -1 -1 -1 100 96 80 60 65 -1 -1 -1 -1 -1 -1 -1 -1 -1 -1 -1 -1 -1 -1 -1 -1 -1 -1 -1 -1 -1 -1 -1 -1 -1 -1 -1 87 96 -1 -1 -1 -1 -1 -1 -1 -1 -1 -1 59 -1 -1 -1 -1 -1 -1 -1 -1 -1 -1 -1 -1 -1 19 -1 -1 -1 -1 
-1 -1 8 -1 -1 -1 -1 -1 -1 -1 -1 -1 -1 -1 -1 -1 -1 -1 -1 10 -1 48 -1 -1 -1 -1 51 -1 83 -1 -1 -1 60 -1 -1 38 -1 -1 -1 -1 -1 51 -1 -1 -1 55 24 -1 -1 -1 -1 -1 50 -1 -1 -1 -1 -1 -1 -1 -1 -1 97 -1 -1 76 -1 -1 -1 -1 29 -1 -1 -1 64 -1 -1 -1 -1 -1 59 -1 -1 -1 -1 -1 30 -1 -1 -1 -1 -1 -1 76 -1 -1 -1 -1 -1 -1 
-1 -1 -1 -1 -1 -1 -1 -1 64 -1 -1 28 -1 -1 -1 -1 -1 -1 62 -1 -1 75 56 -1 -1 -1 -1 -1 -1 85 -1 91 -1 54 -1 -1 -1 -1 -1 38 -1 61 -1 -1 -1 -1 71 -1 73 -1 -1 -1 -1 -1 -1 -1 -1 62 -1 -1 -1 -1 -1 -1 -1 -1 -1 -1 -1 -1 -1 -1 -1 -1 40 -1 -1 -1 -1 82 -1 -1 -1 -1 -1 -1 47 -1 -1 -1 -1 -1 -1 -1 -1 -1 -1 -1 -1 19 
-1 -1 -1 -1 -1 -1 -1 -1 -1 -1 -1 -1 -1 -1 70 -1 -1 7 -1 -1 98 -1 -1 -1 -1 -1 -1 -1 -1 -1 -1 -1 -1 -1 -1 -1 -1 -1 -1 -1 93 -1 94 -1 -1 -1 -1 76 -1 -1 -1 -1 -1 -1 -1 -1 -1 -1 -1 -1 -1 -1 -1 -1 -1 42 -1 56 -1 -1 27 -1 72 -1 -1 -1 94 -1 61 -1 -1 -1 -1 -1 -1 -1 -1 69 55 -1 -1 -1 -1 -1 -1 -1 -1 -1 -1 -1 
60 -1 -1 -1 10 -1 -1 -1 74 -1 -1 12 -1 -1 -1 -1 -1 -1 -1 -1 -1 -1 -1 -1 -1 -1 -1 -1 -1 -1 -1 -1 -1 -1 -1 -1 70 -1 -1 -1 -1 -1 -1 47 -1 -1 -1 -1 -1 53 33 -1 -1 -1 -1 96 5 -1 -1 -1 -1 -1 -1 -1 -1 -1 -1 -1 -1 98 -1 -1 -1 -1 -1 -1 -1 -1 -1 37 -1 -1 -1 -1 -1 -1 -1 -1 91 -1 62 -1 -1 -1 -1 -1 1 -1 -1 -1 
-1 -1 -1 10 -1 -1 -1 35 59 -1 74 -1 -1 -1 34 -1 -1 -1 -1 -1 90 -1 -1 73 -1 -1 83 -1 -1 -1 -1 -1 68 -1 -1 -1 -1 -1 31 -1 -1 -1 32 -1 -1 57 -1 -1 -1 -1 -1 -1 -1 -1 90 -1 -1 -1 -1 -1 -1 61 64 -1 -1 -1 97 -1 -1 -1 47 -1 -1 -1 -1 -1 -1 58 -1 -1 -1 -1 -1 -1 -1 -1 -1 -1 27 -1 -1 -1 -1 -1 -1 -1 -1 -1 -1 -1 
-1 -1 55 72 -1 -1 11 -1 -1 -1 -1 -1 -1 -1 -1 -1 -1 -1 -1 -1 -1 -1 -1 -1 -1 -1 -1 -1 -1 -1 -1 -1 -1 -1 -1 -1 -1 -1 -1 -1 -1 -1 -1 -1 -1 -1 -1 -1 31 -1 -1 -1 -1 -1 -1 -1 -1 -1 -1 -1 -1 -1 23 -1 -1 -1 -1 -1 -1 -1 -1 -1 -1 -1 -1 -1 -1 -1 -1 89 -1 30 47 -1 -1 -1 -1 85 -1 8 5 39 77 -1 57 -1 -1 -1 -1 -1 
-1 -1 -1 81 -1 -1 -1 -1 -1 -1 -1 -1 -1 -1 -1 -1 -1 -1 -1 -1 -1 -1 -1 -1 -1 -1 -1 -1 -1 -1 -1 21 85 -1 -1 35 92 -1 -1 -1 -1 -1 -1 -1 -1 -1 -1 -1 -1 -1 -1 -1 -1 -1 -1 6 -1 -1 -1 -1 -1 -1 89 -1 -1 32 -1 -1 -1 -1 -1 -1 -1 -1 -1 -1 -1 -1 -1 -1 -1 -1 -1 69 -1 -1 85 -1 -1 -1 -1 -1 -1 79 -1 -1 72 -1 -1 -1 
-1 -1 25 -1 -1 -1 -1 -1 -1 -1 -1 -1 -1 -1 -1 15 53 -1 -1 60 -1 10 -1 61 -1 -1 73 -1 -1 -1 -1 -1 -1 85 -1 -1 -1 -1 -1 -1 -1 -1 -1 -1 -1 44 -1 -1 -1 -1 -1 -1 -1 -1 -1 47 -1 71 -1 -1 -1 -1 -1 83 -1 -1 -1 -1 -1 -1 -1 -1 -1 -1 -1 -1 -1 -1 -1 -1 -1 -1 -1 55 91 27 -1 -1 -1 -1 -1 -1 -1 -1 -1 -1 -1 -1 -1 91 
-1 93 -1 -1 -1 -1 93 -1 -1 -1 81 -1 -1 -1 -1 -1 -1 -1 -1 -1 -1 -1 -1 -1 2 -1 -1 97 6 -1 -1 -1 -1 -1 -1 -1 -1 83 5 -1 -1 -1 -1 -1 -1 -1 -1 55 84 -1 -1 72 -1 -1 -1 96 -1 -1 17 -1 1 -1 -1 -1 -1 5 -1 -1 -1 -1 -1 -1 -1 -1 -1 -1 -1 92 -1 -1 -1 -1 -1 -1 -1 -1 8 -1 -1 -1 -1 -1 -1 84 -1 33 -1 -1 -1 -1 
33 80 -1 -1 89 -1 -1 -1 -1 -1 -1 81 -1 60 -1 -1 98 -1 -1 -1 -1 -1 -1 -1 -1 -1 5 -1 -1 64 -1 -1 -1 -1 -1 -1 -1 -1 -1 -1 -1 -1 -1 -1 -1 -1 -1 -1 -1 -1 -1 -1 -1 -1 -1 -1 -1 -1 -1 -1 -1 -1 -1 -1 -1 -1 -1 -1 -1 -1 -1 63 62 -1 -1 58 -1 -1 -1 -1 -1 -1 -1 -1 62 -1 5 -1 -1 -1 -1 -1 -1 -1 -1 -1 -1 -1 -1 -1 
-1 -1 -1 -1 2 -1 -1 -1 -1 -1 -1 -1 -1 -1 -1 -1 -1 -1 -1 -1 -1 -1 -1 -1 -1 -1 -1 -1 3 -1 12 -1 -1 -1 97 -1 -1 -1 -1 -1 -1 -1 -1 -1 -1 12 -1 -1 -1 -1 -1 19 -1 30 -1 -1 -1 -1 -1 -1 -1 -1 -1 -1 57 -1 -1 -1 -1 97 -1 -1 -1 -1 19 -1 -1 -1 -1 -1 -1 -1 -1 -1 -1 -1 39 -1 -1 -1 -1 -1 71 -1 -1 -1 -1 -1 -1 -1 
-1 -1 -1 -1 -1 -1 -1 -1 -1 -1 -1 -1 -1 -1 -1 -1 -1 1 -1 -1 -1 -1 -1 -1 -1 -1 -1 -1 -1 -1 -1 -1 -1 -1 25 -1 61 -1 -1 58 -1 -1 -1 -1 -1 -1 -1 -1 -1 -1 -1 -1 -1 -1 -1 46 -1 -1 -1 -1 -1 -1 -1 45 -1 -1 -1 -1 -1 -1 -1 -1 -1 -1 -1 -1 -1 -1 -1 89 -1 -1 -1 -1 -1 -1 77 -1 -1 -1 -1 71 -1 -1 -1 87 -1 -1 47 -1 
82 -1 -1 -1 69 -1 28 -1 -1 -1 -1 -1 -1 -1 -1 -1 81 -1 -1 -1 -1 -1 -1 -1 -1 -1 -1 -1 -1 -1 -1 -1 -1 -1 -1 -1 43 -1 -1 -1 -1 56 -1 48 -1 33 -1 86 41 -1 81 -1 -1 -1 -1 -1 -1 -1 -1 -1 -1 -1 -1 -1 -1 9 16 -1 -1 -1 13 37 -1 -1 -1 -1 -1 -1 -1 -1 -1 76 -1 -1 -1 -1 -1 79 -1 84 -1 -1 -1 -1 -1 -1 -1 -1 -1 -1 
-1 -1 -1 -1 -1 -1 77 -1 -1 -1 -1 -1 -1 -1 38 -1 -1 -1 -1 -1 -1 -1 -1 -1 86 -1 16 -1 -1 -1 -1 -1 -1 -1 -1 -1 -1 -1 -1 58 -1 5 -1 -1 -1 14 91 75 -1 -1 -1 -1 -1 -1 -1 -1 -1 -1 93 -1 -1 57 -1 -1 -1 -1 -1 -1 -1 60 -1 -1 -1 -1 -1 30 -1 -1 -1 31 -1 -1 -1 -1 -1 -1 57 -1 -1 -1 -1 -1 -1 -1 -1 -1 94 8 -1 -1 
-1 -1 -1 -1 76 -1 -1 -1 -1 -1 -1 -1 -1 -1 47 -1 -1 -1 -1 -1 75 -1 -1 -1 -1 -1 -1 -1 -1 -1 -1 -1 -1 -1 -1 90 -1 -1 -1 -1 -1 -1 5 -1 45 -1 -1 -1 -1 -1 -1 -1 -1 -1 -1 -1 -1 -1 -1 -1 -1 -1 21 -1 -1 86 86 60 -1 -1 -1 -1 -1 -1 -1 -1 -1 -1 -1 -1 19 -1 -1 -1 -1 -1 -1 -1 -1 33 -1 -1 87 -1 -1 -1 48 -1 -1 -1 
-1 -1 31 -1 -1 -1 -1 -1 -1 77 -1 -1 -1 -1 -1 44 -1 -1 -1 -1 -1 -1 -1 -1 79 -1 22 -1 -1 -1 -1 -1 -1 -1 -1 -1 -1 45 -1 -1 -1 -1 79 -1 -1 -1 -1 -1 -1 -1 -1 -1 -1 61 -1 -1 -1 -1 97 -1 -1 -1 -1 63 -1 80 -1 -1 36 -1 -1 32 -1 -1 -1 -1 -1 -1 -1 -1 -1 -1 -1 -1 1 -1 -1 72 -1 -1 -1 -1 -1 -1 94 48 -1 -1 -1 -1 
-1 -1 -1 -1 22 -1 -1 -1 -1 -1 -1 -1 63 -1 -1 45 -1 -1 -1 -1 25 -1 -1 -1 -1 -1 -1 -1 -1 8 -1 -1 -1 -1 -1 -1 -1 -1 -1 -1 -1 -1 -1 -1 -1 -1 -1 -1 -1 54 -1 -1 84 -1 -1 -1 -1 -1 -1 -1 -1 -1 -1 -1 -1 -1 -1 -1 -1 -1 -1 -1 -1 -1 90 40 -1 -1 -1 -1 -1 -1 -1 -1 -1 -1 -1 -1 -1 -1 -1 -1 -1 -1 8 -1 -1 -1 14 -1 
-1 -1 -1 40 -1 -1 -1 -1 98 -1 -1 -1 -1 -1 -1 -1 -1 -1 -1 -1 -1 -1 -1 47 68 19 -1 94 -1 -1 41 -1 -1 -1 -1 -1 -1 -1 -1 -1 -1 -1 -1 -1 -1 -1 -1 -1 -1 16 16 -1 -1 75 -1 -1 -1 -1 -1 5 47 -1 -1 -1 -1 -1 -1 -1 57 -1 -1 -1 -1 -1 21 -1 -1 -1 -1 -1 -1 -1 -1 -1 -1 -1 -1 -1 -1 -1 -1 -1 47 -1 -1 -1 -1 14 -1 -1 
-1 -1 -1 19 -1 -1 -1 96 -1 -1 -1 -1 -1 -1 -1 -1 -1 -1 -1 -1 -1 -1 -1 -1 12 11 -1 -1 -1 -1 -1 -1 -1 -1 -1 -1 -1 -1 -1 -1 -1 -1 -1 -1 80 -1 -1 -1 81 -1 -1 -1 18 88 -1 -1 -1 -1 -1 -1 87 -1 -1 -1 -1 -1 -1 -1 -1 66 46 -1 -1 -1 -1 -1 -1 -1 38 -1 -1 -1 19 -1 -1 -1 -1 -1 91 -1 -1 -1 -1 -1 -1 -1 -1 -1 -1 -1 
